1723098704131 16754.19175407876 0
1723098704132 15853.368295662625 0
1723098704133 15111.620582567079 0
1723098704134 14481.424472165621 0
1723098704136 14008.543826192219 0
1723098704136 13591.389237480256 0
1723098704137 13203.732674755656 0
1723098704138 12844.523619690293 0
1723098704139 12515.719802019144 0
1723098704140 12257.904922303913 0
1723098704140 12017.983572760764 0
1723098704141 11807.50699245396 0
1723098704142 11654.626674711186 0
1723098704143 11520.093894830003 0
1723098704144 11375.40689806169 0
1723098704145 11267.349329927098 0
1723098704146 11173.497163083119 0
1723098704146 11080.253893019864 0
1723098704148 11010.540195998932 0
1723098704149 10941.137590030616 0
1723098704150 10863.474596011076 0
1723098704150 10802.547684727408 0
1723098704151 10731.93102731741 0
1723098704152 10688.996523394055 0
1723098704153 10640.751809408895 0
1723098704154 10600.634928088744 0
1723098704155 10556.241476046845 0
1723098704155 10520.260172761373 0
1723098704156 10486.245130009374 0
1723098704157 10452.894176084701 0
1723098704158 10414.614551450242 0
1723098704159 10387.034593604896 0
1723098704159 10363.171361649736 0
1723098704160 10331.495179377194 0
1723098704161 10311.114310123858 0
1723098704162 10292.890863947985 0
1723098704163 10274.001156696735 0
1723098704163 10252.88160036684 0
1723098704164 10233.820158285538 0
1723098704165 10220.815145448838 0
1723098704166 10208.332767982884 0
1723098704167 10189.829336161312 0
1723098704168 10183.889168919726 0
1723098704168 10166.117134082735 0
1723098704169 10147.956488181697 0
1723098704170 10127.423529876954 0
1723098704171 10114.534462394606 0
1723098704172 10103.803891977404 0
1723098704172 10087.303714796813 0
1723098704173 10064.921814517353 0
1723098704174 10055.806378588912 0
1723098704175 10052.945280273505 0
1723098704176 10040.777186063113 0
1723098704177 10030.062910328763 0
1723098704178 10013.766988118827 0
1723098704179 10010.186128637042 0
1723098704180 10006.240742368982 0
1723098704180 10001.705582764342 0
1723098704181 9999.329992309189 0
1723098704182 9971.874859128386 0
1723098704183 9968.596672324611 0
1723098704184 9957.52990153308 0
1723098704184 9946.291041719809 0
1723098704187 9944.630053852861 0
1723098704189 9933.70027235601 0
1723098704190 9923.630403132844 0
1723098704192 9921.27851751906 0
1723098704193 9916.753078297628 0
1723098704194 9902.83290290039 0
1723098704195 9896.127091279159 0
1723098704196 9894.08011306724 0
1723098704197 9879.49957833829 0
1723098704198 9878.724964451936 0
1723098704199 9876.003182142877 0
1723098704199 9869.89058170992 0
1723098704200 9849.643322429865 0
1723098704201 9839.100718787038 0
1723098704202 9818.195624566804 0
1723098704203 9806.395225727974 0
1723098704204 9796.379431848709 0
1723098704205 9793.91540726031 0
1723098704206 9775.530389099682 0
1723098704206 9768.221665813304 0
1723098704207 9761.75956925479 0
1723098704208 9744.125898539553 0
1723098704209 9728.435073603476 0
1723098704210 9721.50253825386 0
1723098704211 9701.452488656725 0
1723098704211 9695.463553088377 0
1723098704212 9688.418673694352 0
1723098704213 9685.847242381546 0
1723098704214 9678.839334924243 0
1723098704215 9672.52334416865 0
1723098704215 9667.41431792206 0
1723098704216 9665.886729390208 0
1723098704217 9664.287777193496 0
1723098704218 9642.94414637654 0
1723098704219 9630.893694709357 0
1723098704219 9626.601136642685 0
1723098704220 9608.099141866489 0
