1723098611161 17647.002693604056 0
1723098611162 17528.334921654456 0
1723098611163 17409.64585218115 0
1723098611164 17291.610866446925 0
1723098611166 17176.270804260894 0
1723098611167 17067.632350928277 0
1723098611167 16955.053324283577 0
1723098611168 16841.868325934065 0
1723098611169 16733.06773958081 0
1723098611170 16623.757169950015 0
1723098611171 16523.63410547729 0
1723098611171 16421.326728109725 0
1723098611172 16319.127551384641 0
1723098611173 16217.003412712169 0
1723098611174 16117.820382822463 0
1723098611175 16022.445724558198 0
1723098611175 15927.978001764506 0
1723098611176 15834.609447098752 0
1723098611177 15743.39235485844 0
1723098611178 15654.445568789546 0
1723098611178 15562.976568783255 0
1723098611179 15475.118669555413 0
1723098611180 15387.64561459343 0
1723098611181 15306.585915755859 0
1723098611182 15224.55184691625 0
1723098611182 15145.866537904054 0
1723098611183 15067.514395468652 0
1723098611184 14986.892122863152 0
1723098611185 14910.929662821729 0
1723098611185 14836.141317989785 0
1723098611186 14760.572092723249 0
1723098611187 14685.55834899817 0
1723098611188 14613.412718343765 0
1723098611188 14543.79027293318 0
1723098611189 14475.779675252601 0
1723098611190 14405.094322796416 0
1723098611191 14342.218843806633 0
1723098611191 14274.593100690723 0
1723098611192 14211.582466135793 0
1723098611193 14147.046643586258 0
1723098611194 14083.829701342527 0
1723098611195 14026.743497827056 0
1723098611195 13970.613144527368 0
1723098611196 13913.412088024797 0
1723098611197 13855.019726851888 0
1723098611198 13797.017078537188 0
1723098611198 13740.955529197881 0
1723098611199 13684.182210264471 0
1723098611200 13626.93247486931 0
1723098611201 13573.635810074704 0
1723098611201 13521.862565671907 0
1723098611202 13468.540740854074 0
1723098611203 13416.124791370605 0
1723098611204 13364.897950343448 0
1723098611204 13314.081651958213 0
1723098611205 13264.078922205976 0
1723098611206 13216.624868163837 0
1723098611207 13169.064039971643 0
1723098611208 13122.183270239728 0
1723098611208 13076.679020182626 0
1723098611209 13032.51795260755 0
1723098611210 12986.016945063813 0
1723098611211 12944.053027468519 0
1723098611211 12900.508908150508 0
1723098611212 12858.830727178402 0
1723098611213 12814.76203063873 0
1723098611214 12773.999535007752 0
1723098611214 12734.074139662285 0
1723098611215 12695.668519318171 0
1723098611216 12657.19792832559 0
1723098611217 12618.547647958916 0
1723098611217 12581.361690331338 0
1723098611218 12544.749464280369 0
1723098611219 12510.025586555854 0
1723098611220 12473.23704139516 0
1723098611221 12439.689383785748 0
1723098611221 12403.423023505773 0
1723098611222 12371.073416169122 0
1723098611223 12337.417746188099 0
1723098611224 12301.525722924673 0
1723098611224 12268.372207455994 0
1723098611225 12237.557955096547 0
1723098611226 12205.721881963587 0
1723098611227 12173.382770291062 0
1723098611227 12141.060280771788 0
1723098611228 12111.527078920275 0
1723098611229 12082.172279976487 0
1723098611230 12050.556652134106 0
1723098611230 12021.252620009489 0
1723098611231 11992.921042780277 0
1723098611232 11963.536147396086 0
1723098611233 11937.17078975843 0
1723098611234 11908.973972408012 0
1723098611235 11880.81042534869 0
1723098611235 11854.242062802115 0
1723098611236 11827.234540923124 0
1723098611237 11800.849166095695 0
1723098611238 11775.257196448474 0
1723098611238 11750.239833798261 0
1723098611239 11725.59794346303 0
