1723098580915 17673.026233122695 0
1723098580916 17578.406570415817 0
1723098580917 17485.778462065264 0
1723098580918 17387.42785010761 0
1723098580919 17293.531141360312 0
1723098580920 17202.79510754391 0
1723098580920 17111.33032977873 0
1723098580921 17028.817671496166 0
1723098580922 16946.734433450565 0
1723098580923 16860.167484564718 0
1723098580924 16775.57213992384 0
1723098580924 16698.833118535047 0
1723098580925 16614.851451061582 0
1723098580926 16535.175611454524 0
1723098580927 16460.81027287174 0
1723098580927 16381.093925894767 0
1723098580928 16301.830209447062 0
1723098580929 16225.376469482788 0
1723098580930 16157.667029156377 0
1723098580930 16087.688597875987 0
1723098580931 16020.719588829044 0
1723098580932 15949.234578434643 0
1723098580933 15881.09219851407 0
1723098580933 15811.94255124859 0
1723098580934 15742.200289131413 0
1723098580935 15675.360733924665 0
1723098580936 15610.397014655426 0
1723098580936 15547.645972653521 0
1723098580937 15483.940495859806 0
1723098580938 15426.05033333607 0
1723098580939 15366.607833752863 0
1723098580940 15301.165327634697 0
1723098580940 15249.570761084588 0
1723098580941 15191.15138523852 0
1723098580942 15135.139858807956 0
1723098580943 15078.64738599371 0
1723098580943 15029.403265787118 0
1723098580944 14973.122579538445 0
1723098580945 14919.52991474587 0
1723098580946 14867.135892238592 0
1723098580946 14811.439851561263 0
1723098580947 14765.081626823512 0
1723098580948 14720.919445233883 0
1723098580949 14669.853779037378 0
1723098580949 14620.975823612649 0
1723098580950 14573.171363118137 0
1723098580951 14530.736164605765 0
1723098580952 14480.919090269095 0
1723098580952 14429.760908723361 0
1723098580953 14384.470095972163 0
1723098580954 14340.578502150445 0
1723098580955 14298.798606260963 0
1723098580955 14258.866753023161 0
1723098580956 14215.407447910346 0
1723098580957 14175.29715590923 0
1723098580958 14132.077441038433 0
1723098580958 14094.93376828318 0
1723098580959 14053.846076771782 0
1723098580960 14016.560065926584 0
1723098580961 13977.503192800437 0
1723098580962 13938.572736822267 0
1723098580962 13900.983692002832 0
1723098580963 13862.944701022921 0
1723098580964 13821.983158225763 0
1723098580965 13785.741001642173 0
1723098580965 13750.123412762247 0
1723098580966 13715.866146145852 0
1723098580967 13681.83528703662 0
1723098580968 13648.401428658712 0
1723098580968 13615.309712376345 0
1723098580969 13583.85665985505 0
1723098580970 13551.94308712952 0
1723098580971 13518.17156309544 0
1723098580971 13487.512650463988 0
1723098580972 13453.728537370855 0
1723098580973 13426.821546252717 0
1723098580974 13395.310689125894 0
1723098580974 13363.304118761145 0
1723098580975 13335.036382912178 0
1723098580976 13303.096025207553 0
1723098580977 13275.229037830097 0
1723098580978 13244.306111395477 0
1723098580978 13220.632858779714 0
1723098580979 13192.871671802402 0
1723098580980 13164.489832954512 0
1723098580981 13135.877589490094 0
1723098580981 13111.026894482802 0
1723098580982 13086.597666327929 0
1723098580983 13059.62317445144 0
1723098580984 13036.03699471839 0
1723098580984 13016.517845328903 0
1723098580985 12989.687673608807 0
1723098580986 12966.915592934189 0
1723098580987 12941.909540095834 0
1723098580988 12918.027380685044 0
1723098580989 12896.456599020345 0
1723098580989 12872.438229111578 0
1723098580990 12851.07100033747 0
1723098580991 12825.632302814576 0
1723098580992 12804.667263749065 0
