1723098668013 17083.744560389514 0
1723098668014 16457.612940066916 0
1723098668015 15891.486027559917 0
1723098668016 15384.436992339348 0
1723098668017 14918.584552186316 0
1723098668018 14489.423562265749 0
1723098668019 14107.965122768008 0
1723098668020 13753.221056515215 0
1723098668020 13415.95526425982 0
1723098668021 13105.937742449336 0
1723098668022 12823.81586733633 0
1723098668023 12567.61803673647 0
1723098668024 12335.486427199865 0
1723098668024 12124.211670057415 0
1723098668025 11911.146598766443 0
1723098668026 11727.994316189339 0
1723098668027 11553.44374487279 0
1723098668027 11384.857375819738 0
1723098668028 11228.948349748238 0
1723098668029 11084.272240383969 0
1723098668030 10948.550866406793 0
1723098668031 10817.23413483856 0
1723098668031 10709.594608979321 0
1723098668032 10598.446589711817 0
1723098668033 10497.678889442446 0
1723098668034 10393.275994245438 0
1723098668034 10301.471295499781 0
1723098668035 10210.2830943808 0
1723098668036 10128.230635609283 0
1723098668037 10053.447766775706 0
1723098668038 9986.553266431996 0
1723098668038 9923.987870028246 0
1723098668039 9861.428552817024 0
1723098668040 9800.992227049124 0
1723098668041 9747.741579538895 0
1723098668041 9697.792514110075 0
1723098668042 9649.207694497936 0
1723098668043 9602.657885937493 0
1723098668044 9556.135740264153 0
1723098668045 9513.247373093584 0
1723098668045 9470.417447889107 0
1723098668046 9428.872290851594 0
1723098668047 9395.8567658736 0
1723098668048 9362.420895548637 0
1723098668049 9319.145759173607 0
1723098668049 9279.729587330272 0
1723098668050 9246.517518440678 0
1723098668051 9209.866535492736 0
1723098668052 9183.877160410439 0
1723098668053 9156.505845692183 0
1723098668053 9125.891006681459 0
1723098668054 9098.283335448015 0
1723098668055 9075.480644228506 0
1723098668056 9048.366676619491 0
1723098668056 9026.574566525856 0
1723098668057 8998.722929920497 0
1723098668058 8975.039421855397 0
1723098668059 8951.344999674233 0
1723098668060 8909.083889589207 0
1723098668060 8878.049735149578 0
1723098668061 8856.613442947224 0
1723098668062 8818.451838473911 0
1723098668063 8798.583103012681 0
1723098668064 8762.631865395055 0
1723098668064 8741.796477471951 0
1723098668065 8723.113879880033 0
1723098668066 8693.516715641694 0
1723098668067 8678.727491308558 0
1723098668067 8649.343975743122 0
1723098668068 8624.749529719664 0
1723098668069 8598.213473723428 0
1723098668070 8588.394569911632 0
1723098668071 8576.936631472941 0
1723098668071 8558.45917321735 0
1723098668072 8537.218968434756 0
1723098668073 8512.586158549884 0
1723098668074 8496.2415141627 0
1723098668075 8465.854126036362 0
1723098668075 8440.139925674019 0
1723098668076 8416.203782375036 0
1723098668077 8391.726164411264 0
1723098668078 8385.93810343945 0
1723098668079 8366.857861793214 0
1723098668079 8363.489110771994 0
1723098668080 8341.348002636725 0
1723098668081 8336.018013810006 0
1723098668082 8325.801818339367 0
1723098668083 8316.581701927116 0
1723098668083 8312.676103358757 0
1723098668084 8303.610863801261 0
1723098668085 8294.42968757396 0
1723098668086 8269.957116938953 0
1723098668087 8267.051725768984 0
1723098668088 8257.125173283268 0
1723098668089 8244.083888894244 0
1723098668089 8222.498920538557 0
1723098668090 8218.386210984794 0
1723098668091 8215.740389160479 0
1723098668092 8194.073803920726 0
1723098668093 8183.985939736421 0
