1723098664045 17180.92529439354 0
1723098664047 16624.177434864137 0
1723098664047 16099.680414516453 0
1723098664049 15621.060418736057 0
1723098664049 15200.435337134897 0
1723098664050 14806.263001215875 0
1723098664051 14445.701684748341 0
1723098664052 14106.824938991844 0
1723098664053 13809.149468405782 0
1723098664053 13531.903508483174 0
1723098664054 13284.020910537833 0
1723098664055 13035.807282955695 0
1723098664056 12811.440082622537 0
1723098664057 12609.008458286473 0
1723098664057 12432.969515865077 0
1723098664058 12274.42847612647 0
1723098664059 12124.336950027791 0
1723098664060 11968.628716758843 0
1723098664060 11829.82282801228 0
1723098664061 11694.230084604944 0
1723098664062 11577.215532696382 0
1723098664063 11477.957393271743 0
1723098664064 11372.717100702866 0
1723098664064 11270.628122960868 0
1723098664065 11174.083597811166 0
1723098664066 11085.180103478158 0
1723098664067 11007.070223862904 0
1723098664068 10933.618078548554 0
1723098664068 10861.327630589025 0
1723098664069 10794.112272377053 0
1723098664070 10730.342928638318 0
1723098664071 10675.172632973743 0
1723098664072 10617.781738551874 0
1723098664072 10571.69291029676 0
1723098664073 10523.841683303808 0
1723098664074 10473.568904400501 0
1723098664075 10422.958578156562 0
1723098664076 10382.830293759012 0
1723098664076 10345.174641438098 0
1723098664077 10299.569078121034 0
1723098664078 10264.02611297169 0
1723098664079 10232.114364651134 0
1723098664079 10195.341501783441 0
1723098664080 10162.564575334447 0
1723098664081 10128.704878177226 0
1723098664082 10102.905946047309 0
1723098664083 10080.610780552797 0
1723098664083 10056.236581216854 0
1723098664084 10025.993191447513 0
1723098664085 10000.257321310522 0
1723098664086 9977.16745015214 0
1723098664087 9955.871620327554 0
1723098664087 9928.989832969812 0
1723098664088 9909.901268778955 0
1723098664089 9889.603948230491 0
1723098664090 9872.643388050827 0
1723098664091 9856.44600203631 0
1723098664092 9838.984464804307 0
1723098664092 9812.783842925652 0
1723098664093 9791.656438426331 0
1723098664094 9777.60192556183 0
1723098664095 9760.003252868075 0
1723098664096 9744.214646771787 0
1723098664096 9729.34735135535 0
1723098664097 9712.097286644663 0
1723098664098 9693.475428807658 0
1723098664099 9677.813379698153 0
1723098664100 9663.797966454798 0
1723098664100 9651.281103244724 0
1723098664101 9625.556895502654 0
1723098664102 9611.296459281268 0
1723098664103 9594.16513503304 0
1723098664103 9584.010090362377 0
1723098664104 9572.397996734382 0
1723098664105 9557.46594707661 0
1723098664106 9546.331832145204 0
1723098664107 9531.669870828893 0
1723098664107 9520.325343736618 0
1723098664108 9509.46653923336 0
1723098664109 9500.143693371403 0
1723098664110 9484.22505550868 0
1723098664111 9477.51023987049 0
1723098664111 9468.957311010445 0
1723098664112 9459.096856070617 0
1723098664113 9448.278155681171 0
1723098664114 9431.002496317557 0
1723098664114 9424.042649143099 0
1723098664115 9413.561622189585 0
1723098664116 9404.379430392893 0
1723098664117 9391.132128872494 0
1723098664118 9388.056663552905 0
1723098664119 9378.74797265104 0
1723098664120 9374.644057928042 0
1723098664121 9366.666671218842 0
1723098664122 9349.281350951793 0
1723098664122 9341.854339580614 0
1723098664123 9333.258262780406 0
1723098664124 9326.353713122375 0
1723098664125 9315.204354766542 0
1723098664125 9304.512297420526 0
