1723098583735 17668.101697629525 0
1723098583736 17569.53593010374 0
1723098583737 17476.236843215687 0
1723098583737 17393.549117186103 0
1723098583739 17300.095191856413 0
1723098583740 17205.615863168434 0
1723098583740 17118.106954671934 0
1723098583741 17033.32420637129 0
1723098583742 16945.453462252033 0
1723098583743 16870.319490879374 0
1723098583743 16796.848089155174 0
1723098583744 16714.106644385596 0
1723098583745 16639.524519344246 0
1723098583746 16576.39049607777 0
1723098583746 16496.415735961415 0
1723098583747 16417.984343013766 0
1723098583748 16347.666754844771 0
1723098583749 16281.592218642312 0
1723098583749 16206.408627921332 0
1723098583750 16142.958321677454 0
1723098583751 16068.301529181885 0
1723098583752 15997.386847070855 0
1723098583753 15926.56988541255 0
1723098583753 15856.352578394508 0
1723098583754 15792.425351126421 0
1723098583755 15727.076603103811 0
1723098583756 15658.783879147893 0
1723098583756 15593.334749609887 0
1723098583757 15529.591675748423 0
1723098583758 15470.68796825865 0
1723098583759 15408.579734430416 0
1723098583759 15343.956982383675 0
1723098583760 15291.44712504583 0
1723098583761 15231.976584455524 0
1723098583762 15177.945678658818 0
1723098583762 15119.117326423406 0
1723098583763 15070.570474885028 0
1723098583764 15012.264232604128 0
1723098583765 14965.16217011275 0
1723098583765 14909.075165316268 0
1723098583766 14857.63575039487 0
1723098583767 14809.28756504685 0
1723098583768 14762.18367374409 0
1723098583769 14712.834707396893 0
1723098583769 14673.424757688854 0
1723098583770 14622.744708960956 0
1723098583771 14571.98540539837 0
1723098583772 14526.536243808558 0
1723098583772 14478.079130182696 0
1723098583773 14429.706555991128 0
1723098583774 14386.466747358989 0
1723098583775 14344.408634756315 0
1723098583775 14296.610078201358 0
1723098583776 14252.03896349405 0
1723098583777 14207.258369156223 0
1723098583778 14171.937422444884 0
1723098583778 14129.833263914645 0
1723098583779 14092.971155843525 0
1723098583780 14051.438516731338 0
1723098583781 14008.88188683669 0
1723098583781 13974.157938415708 0
1723098583782 13933.479447952071 0
1723098583783 13894.573819195464 0
1723098583784 13856.807886812629 0
1723098583784 13823.609302582583 0
1723098583785 13792.23636870751 0
1723098583786 13757.52546815685 0
1723098583787 13719.918765951483 0
1723098583787 13686.83770992804 0
1723098583788 13649.323081316186 0
1723098583789 13617.047297901721 0
1723098583790 13586.417646890184 0
1723098583790 13552.028017449084 0
1723098583791 13523.432548139323 0
1723098583792 13492.189496811625 0
1723098583793 13462.061327511925 0
1723098583793 13432.788355339744 0
1723098583794 13403.370544124293 0
1723098583795 13371.779420994322 0
1723098583796 13344.155959306612 0
1723098583796 13314.588825836687 0
1723098583797 13284.027877192697 0
1723098583798 13262.357810940777 0
1723098583799 13232.125007451323 0
1723098583799 13203.281271813954 0
1723098583800 13177.980366942733 0
1723098583801 13149.82694760593 0
1723098583802 13124.505378878324 0
1723098583802 13097.325562106571 0
1723098583803 13070.110259935147 0
1723098583804 13044.869983630297 0
1723098583805 13018.809300336532 0
1723098583806 12995.51819632617 0
1723098583807 12971.395778108421 0
1723098583808 12946.499169075594 0
1723098583808 12920.477206108246 0
1723098583809 12899.330524662866 0
1723098583810 12875.162067980633 0
1723098583811 12852.01015924319 0
1723098583811 12829.062523193925 0
