1723098697843 16656.348374305337 0
1723098697844 15745.049311296274 0
1723098697845 14961.474822535622 0
1723098697846 14331.114294060304 0
1723098697847 13774.44536067051 0
1723098697847 13317.208237411243 0
1723098697848 12905.062294768768 0
1723098697849 12567.419734119749 0
1723098697850 12282.881654480458 0
1723098697851 12058.641536761954 0
1723098697852 11861.265353190627 0
1723098697852 11680.93533447629 0
1723098697853 11528.85113321156 0
1723098697854 11374.489531450872 0
1723098697855 11269.242613025166 0
1723098697856 11153.119868912034 0
1723098697856 11050.084118843615 0
1723098697857 10951.82394219605 0
1723098697858 10885.903271990986 0
1723098697859 10822.271146396357 0
1723098697860 10752.811612363535 0
1723098697860 10696.390667555845 0
1723098697861 10645.284582011402 0
1723098697862 10603.6093089338 0
1723098697863 10568.263671689976 0
1723098697864 10523.87259753758 0
1723098697864 10483.395595362845 0
1723098697865 10452.459492179109 0
1723098697866 10420.618714742885 0
1723098697867 10397.691913574017 0
1723098697868 10357.8004668155 0
1723098697869 10329.134306049287 0
1723098697870 10303.427213562114 0
1723098697871 10263.764514288277 0
1723098697873 10234.749763205007 0
1723098697874 10211.157402238037 0
1723098697875 10200.025181823356 0
1723098697876 10184.53137458274 0
1723098697878 10169.304262341435 0
1723098697879 10149.392899688088 0
1723098697880 10128.549440021396 0
1723098697881 10116.998364548957 0
1723098697883 10104.710837802575 0
1723098697884 10099.718348859878 0
1723098697885 10078.60446890312 0
1723098697886 10069.437991896355 0
1723098697888 10055.301654632858 0
1723098697889 10051.165115515827 0
1723098697890 10020.429856687217 0
1723098697891 10012.942257411929 0
1723098697893 10001.939527951861 0
1723098697901 9989.450338444442 0
1723098697903 9972.706892269956 0
1723098697904 9961.556712685531 0
1723098697905 9952.90612969782 0
1723098697907 9934.793834341739 0
1723098697908 9922.569303297743 0
1723098697909 9906.530193418113 0
1723098697910 9894.377429671882 0
1723098697912 9887.632887136808 0
1723098697914 9880.131069706938 0
1723098697915 9876.01541821607 0
1723098697917 9862.57310739209 0
1723098697918 9858.305729758778 0
1723098697919 9846.533319594548 0
1723098697920 9828.518164394582 0
1723098697921 9817.638014358174 0
1723098697923 9810.151471048177 0
1723098697925 9799.634899424327 0
1723098697927 9792.216636818677 0
1723098697930 9785.179321528636 0
1723098697935 9776.00024650686 0
1723098697937 9769.423434879838 0
1723098697938 9761.283810288589 0
1723098697940 9753.914133791975 0
1723098697942 9748.97376409476 0
1723098697944 9721.45488206547 0
1723098697946 9717.102802464557 0
1723098697947 9699.59222079439 0
1723098697949 9679.140643595685 0
1723098697950 9658.71957844623 0
1723098697957 9650.68026211461 0
1723098697959 9642.764121429604 0
1723098697961 9627.47135686948 0
1723098697963 9607.933604955086 0
1723098697964 9601.412315805132 0
1723098697965 9597.122170127712 0
1723098697967 9580.995781216787 0
1723098697968 9570.829251720124 0
1723098697969 9569.67105939987 0
1723098697970 9557.30641843628 0
1723098697972 9549.204437569784 0
1723098697973 9542.040234180484 0
1723098697974 9529.569595231575 0
1723098697981 9527.323247629758 0
1723098697982 9523.385136540053 0
1723098697983 9507.922551349755 0
1723098697983 9499.4624258234 0
1723098697984 9497.386554725828 0
1723098697985 9490.752158881345 0
