1723098660934 17145.162117093092 0
1723098660935 16575.233234764597 0
1723098660936 16030.658817699497 0
1723098660937 15550.87164371637 0
1723098660938 15117.004946019517 0
1723098660939 14719.329289940843 0
1723098660940 14344.817506038029 0
1723098660941 14025.825307242276 0
1723098660941 13716.126105035963 0
1723098660942 13437.75179572168 0
1723098660943 13186.745110584967 0
1723098660944 12948.466586439494 0
1723098660945 12734.325666024226 0
1723098660945 12534.571953160796 0
1723098660946 12337.69048637574 0
1723098660947 12167.545520547872 0
1723098660948 12016.879967085095 0
1723098660949 11870.413936708619 0
1723098660949 11739.325605144208 0
1723098660950 11610.8206251055 0
1723098660951 11497.960995888443 0
1723098660952 11382.268592260569 0
1723098660952 11280.184486002903 0
1723098660953 11182.59216608248 0
1723098660954 11091.933803371121 0
1723098660955 11009.714464445813 0
1723098660956 10934.829484901693 0
1723098660956 10859.360083707435 0
1723098660957 10794.805403460681 0
1723098660958 10730.636520635362 0
1723098660959 10673.440273087977 0
1723098660960 10621.84764903824 0
1723098660960 10571.842308736865 0
1723098660961 10515.063400526 0
1723098660962 10467.683732894258 0
1723098660963 10427.271324515517 0
1723098660963 10381.108060788974 0
1723098660964 10344.29026273269 0
1723098660965 10307.417278217288 0
1723098660966 10268.03770065379 0
1723098660967 10237.234498929405 0
1723098660967 10206.231389017943 0
1723098660968 10178.464138150672 0
1723098660969 10151.174530868062 0
1723098660970 10121.354859572179 0
1723098660970 10086.147209810038 0
1723098660971 10062.104317095242 0
1723098660972 10034.506140190337 0
1723098660973 10009.282984845157 0
1723098660974 9977.361959913836 0
1723098660974 9945.985162054507 0
1723098660975 9924.759204520167 0
1723098660976 9900.363063331879 0
1723098660977 9877.582457815033 0
1723098660978 9856.235115014963 0
1723098660978 9832.512203152266 0
1723098660979 9812.91659877462 0
1723098660980 9794.381315892064 0
1723098660981 9770.908652290593 0
1723098660981 9751.929992370726 0
1723098660982 9734.156631041276 0
1723098660983 9713.963148345436 0
1723098660984 9699.040453279928 0
1723098660985 9679.574773286977 0
1723098660985 9664.060186130473 0
1723098660986 9634.074319366895 0
1723098660987 9620.502796580768 0
1723098660988 9606.403802825751 0
1723098660989 9589.645082312718 0
1723098660989 9576.544419283975 0
1723098660990 9559.415046386952 0
1723098660991 9533.326759962265 0
1723098660992 9509.78490294352 0
1723098660993 9498.972242850483 0
1723098660994 9483.31117706074 0
1723098660994 9473.127082162133 0
1723098660995 9459.583806706678 0
1723098660996 9447.247401262232 0
1723098660997 9430.187566448973 0
1723098660998 9419.882868390654 0
1723098660998 9410.769006983675 0
1723098660999 9396.611968946077 0
1723098661000 9387.248269927042 0
1723098661001 9378.670862864054 0
1723098661002 9360.634923801172 0
1723098661002 9349.365052130584 0
1723098661003 9335.478288878274 0
1723098661004 9323.789478046529 0
1723098661005 9311.327485486881 0
1723098661006 9301.029045311561 0
1723098661007 9293.152543102931 0
1723098661008 9287.316748464289 0
1723098661009 9279.345191876497 0
1723098661009 9265.7618987782 0
1723098661010 9243.611213373857 0
1723098661011 9233.447172925482 0
1723098661012 9225.4551345705 0
1723098661013 9219.785250951756 0
1723098661013 9217.767419412843 0
1723098661014 9214.248431116965 0
