1723098678986 17083.717545650397 0
1723098678987 16467.87944185119 0
1723098678988 15910.257881500638 0
1723098678989 15403.89363902509 0
1723098678990 14933.139330862172 0
1723098678991 14509.724281527768 0
1723098678992 14135.797117293228 0
1723098678993 13784.280843168712 0
1723098678994 13433.560938334702 0
1723098678994 13135.902423248717 0
1723098678995 12863.054897099077 0
1723098678996 12616.75694589937 0
1723098678997 12388.263163687636 0
1723098678998 12175.528803473662 0
1723098678998 11955.780888286177 0
1723098678999 11767.567412253697 0
1723098679000 11600.979855827147 0
1723098679001 11439.151348176827 0
1723098679002 11284.512383492733 0
1723098679003 11141.339850449584 0
1723098679003 11000.911760482892 0
1723098679004 10870.603575194082 0
1723098679005 10756.862785056765 0
1723098679006 10663.804185630715 0
1723098679007 10564.706394430197 0
1723098679008 10467.24025322456 0
1723098679008 10376.122395444667 0
1723098679009 10286.48691708696 0
1723098679010 10203.19030927499 0
1723098679011 10132.375144129632 0
1723098679012 10061.368210642839 0
1723098679012 10002.129172826666 0
1723098679013 9941.556769606734 0
1723098679014 9886.563679205581 0
1723098679015 9834.97253579653 0
1723098679016 9777.44325673266 0
1723098679016 9730.841145721828 0
1723098679017 9681.757109077105 0
1723098679018 9632.028409460989 0
1723098679019 9580.32175391338 0
1723098679020 9546.37523717424 0
1723098679020 9509.364640183278 0
1723098679021 9468.266076518841 0
1723098679022 9432.917866703361 0
1723098679023 9393.662268245775 0
1723098679024 9360.67539224918 0
1723098679024 9327.394789258064 0
1723098679025 9294.182870319275 0
1723098679026 9259.485045851896 0
1723098679027 9229.1026000963 0
1723098679028 9196.813897511132 0
1723098679028 9163.411590918178 0
1723098679029 9140.757870214766 0
1723098679030 9118.967866059265 0
1723098679031 9093.397233072586 0
1723098679032 9060.3164549576 0
1723098679032 9030.584894734517 0
1723098679033 9002.807197228953 0
1723098679034 8975.63866706102 0
1723098679035 8951.366234703766 0
1723098679036 8930.902587101935 0
1723098679036 8912.666804182554 0
1723098679037 8893.026200731978 0
1723098679038 8870.10584847824 0
1723098679039 8846.161059239857 0
1723098679040 8831.968657116306 0
1723098679040 8814.106141232578 0
1723098679041 8790.267794844622 0
1723098679042 8764.745527012516 0
1723098679043 8742.161044932003 0
1723098679044 8726.635345193103 0
1723098679045 8706.333668102383 0
1723098679045 8694.685060843307 0
1723098679046 8682.2184937345 0
1723098679047 8665.629711863921 0
1723098679048 8654.952031686862 0
1723098679049 8635.001987656715 0
1723098679049 8613.295413101812 0
1723098679050 8594.154553314536 0
1723098679051 8567.04039724901 0
1723098679052 8552.361123922208 0
1723098679053 8538.249071405455 0
1723098679054 8522.1042378749 0
1723098679055 8514.722590790296 0
1723098679055 8491.519561943205 0
1723098679056 8473.917556274318 0
1723098679057 8448.30620105798 0
1723098679058 8430.232440546592 0
1723098679059 8396.603051323493 0
1723098679060 8362.344900113705 0
1723098679061 8342.58212807887 0
1723098679062 8325.209023538622 0
1723098679063 8311.235088221873 0
1723098679063 8302.073840036976 0
1723098679064 8284.790252970202 0
1723098679065 8283.51421595059 0
1723098679066 8262.09097955373 0
1723098679067 8243.524827914427 0
1723098679067 8236.760279640785 0
1723098679068 8223.212028102247 0
