1723098634700 17329.387442318555 0
1723098634701 16876.534279200318 0
1723098634701 16465.82367423237 0
1723098634702 16102.316571455149 0
1723098634703 15758.502164654772 0
1723098634704 15406.31051557783 0
1723098634705 15128.51075327729 0
1723098634706 14838.92910565673 0
1723098634707 14604.118440399761 0
1723098634707 14354.485886077007 0
1723098634708 14142.875285513757 0
1723098634709 13927.731289541418 0
1723098634710 13737.743497757483 0
1723098634710 13564.806633886037 0
1723098634711 13395.289810068436 0
1723098634712 13242.53603614553 0
1723098634713 13109.861336847935 0
1723098634714 12984.01353074714 0
1723098634714 12858.343415892816 0
1723098634715 12740.055589574938 0
1723098634716 12631.728294301747 0
1723098634717 12532.69844166993 0
1723098634717 12433.701835788388 0
1723098634718 12349.031959291042 0
1723098634719 12268.922833162127 0
1723098634720 12185.016929793548 0
1723098634721 12113.915952547943 0
1723098634721 12044.895071230036 0
1723098634722 11987.313916718367 0
1723098634723 11928.638638518172 0
1723098634724 11870.961427181159 0
1723098634724 11813.193973709038 0
1723098634725 11763.274418788682 0
1723098634726 11714.859456300264 0
1723098634727 11663.147502229713 0
1723098634728 11617.873533040363 0
1723098634728 11577.290677535706 0
1723098634729 11533.48205288541 0
1723098634730 11497.180868029127 0
1723098634731 11461.294205415013 0
1723098634731 11421.804209000391 0
1723098634733 11387.272323250723 0
1723098634735 11357.336679551832 0
1723098634736 11331.971176184305 0
1723098634738 11305.835063848817 0
1723098634739 11279.618222741905 0
1723098634740 11251.290053963347 0
1723098634742 11226.133741175907 0
1723098634743 11202.82142112418 0
1723098634744 11175.423030695883 0
1723098634745 11151.972326242421 0
1723098634746 11128.414564749333 0
1723098634748 11105.627305801378 0
1723098634749 11085.057292539514 0
1723098634750 11067.762569737426 0
1723098634751 11048.827262891498 0
1723098634753 11033.684341933125 0
1723098634754 11018.091398416384 0
1723098634755 11004.551277424125 0
1723098634756 10989.197289091222 0
1723098634757 10974.045324114986 0
1723098634759 10956.508156272414 0
1723098634760 10939.204169576415 0
1723098634761 10925.296301702838 0
1723098634762 10911.513358982438 0
1723098634764 10901.10689085104 0
1723098634765 10892.579204575508 0
1723098634766 10879.095748188069 0
1723098634767 10872.23909229443 0
1723098634768 10861.025582344048 0
1723098634770 10845.832966697577 0
1723098634771 10834.102118853778 0
1723098634773 10825.460176541103 0
1723098634774 10815.532441479438 0
1723098634775 10808.36069682395 0
1723098634776 10798.601365877295 0
1723098634777 10787.25582121534 0
1723098634779 10782.139623505233 0
1723098634780 10772.408668303564 0
1723098634781 10761.84180509469 0
1723098634782 10754.656710826768 0
1723098634784 10749.1624484418 0
1723098634785 10738.983073900667 0
1723098634786 10733.241641312492 0
1723098634787 10726.823457995359 0
1723098634789 10716.211701932176 0
1723098634790 10711.878287276866 0
1723098634791 10706.327925308895 0
1723098634792 10702.080113874348 0
1723098634793 10696.192663204458 0
1723098634795 10691.352296186475 0
1723098634796 10687.484159978323 0
1723098634797 10682.70432001319 0
1723098634798 10679.340418880303 0
1723098634800 10676.087346222386 0
1723098634801 10664.761277884576 0
1723098634802 10657.72527664587 0
1723098634803 10654.399809379805 0
1723098634804 10649.984419834056 0
1723098634805 10646.015642008006 0
