1723098604490 17640.32895159054 0
1723098604490 17512.77622084244 0
1723098604491 17388.47981306848 0
1723098604492 17267.468888358362 0
1723098604493 17147.63034224289 0
1723098604494 17030.48161429043 0
1723098604495 16914.969326299793 0
1723098604496 16802.547479253262 0
1723098604496 16687.847126387365 0
1723098604497 16579.72113444934 0
1723098604498 16473.38229193543 0
1723098604499 16369.282431537913 0
1723098604499 16267.302126517401 0
1723098604500 16166.215209533224 0
1723098604501 16066.60946716182 0
1723098604502 15970.118585966326 0
1723098604503 15875.64559362092 0
1723098604503 15781.409573559882 0
1723098604504 15690.496538497398 0
1723098604505 15599.15269738788 0
1723098604506 15511.33616497557 0
1723098604506 15421.536645676346 0
1723098604507 15336.096695781742 0
1723098604508 15250.703406844295 0
1723098604509 15169.693907406678 0
1723098604510 15087.079875234162 0
1723098604511 15007.546608585231 0
1723098604513 14930.812619577884 0
1723098604514 14852.796436742834 0
1723098604515 14776.787816084408 0
1723098604516 14699.165104113072 0
1723098604517 14623.641502588194 0
1723098604518 14549.800443618245 0
1723098604520 14477.337460997232 0
1723098604520 14408.553545893817 0
1723098604521 14339.092804341835 0
1723098604522 14271.363829048852 0
1723098604523 14201.785635126158 0
1723098604523 14137.594442389034 0
1723098604524 14073.145363714853 0
1723098604525 14010.30999443278 0
1723098604526 13947.876186285013 0
1723098604526 13887.786868403045 0
1723098604527 13828.515855987243 0
1723098604528 13769.496102678846 0
1723098604530 13711.107642533552 0
1723098604530 13654.218440914114 0
1723098604531 13599.682184606705 0
1723098604532 13545.390424310846 0
1723098604533 13490.775200182328 0
1723098604534 13439.023187259285 0
1723098604534 13383.559210535479 0
1723098604535 13332.346059411848 0
1723098604536 13280.429353037312 0
1723098604537 13232.185150646033 0
1723098604538 13184.001289488018 0
1723098604538 13136.025927345148 0
1723098604539 13088.4588060259 0
1723098604540 13039.486188519712 0
1723098604541 12992.953460150064 0
1723098604541 12949.668538482998 0
1723098604542 12905.912449820486 0
1723098604543 12862.133075892514 0
1723098604544 12820.155585842776 0
1723098604544 12777.568519856257 0
1723098604545 12732.906769127248 0
1723098604546 12693.508521413174 0
1723098604547 12651.710758945948 0
1723098604547 12614.19582640275 0
1723098604548 12577.1534456596 0
1723098604549 12540.290973716725 0
1723098604550 12501.531405168485 0
1723098604551 12464.328096762916 0
1723098604551 12430.031237429648 0
1723098604552 12391.650971813133 0
1723098604553 12356.632151704101 0
1723098604554 12321.742844313867 0
1723098604555 12287.482170007252 0
1723098604555 12253.574331869344 0
1723098604556 12219.296727652823 0
1723098604557 12185.475412393693 0
1723098604558 12152.684907785391 0
1723098604558 12121.27662177384 0
1723098604559 12090.131180188655 0
1723098604560 12059.977032950554 0
1723098604561 12030.080522748713 0
1723098604562 11999.815285948534 0
1723098604563 11969.780185606936 0
1723098604563 11940.737903217743 0
1723098604564 11911.500418777634 0
1723098604565 11884.151747337597 0
1723098604566 11856.06653652551 0
1723098604566 11826.517290880194 0
1723098604567 11798.35978505835 0
1723098604568 11771.230440891182 0
1723098604569 11744.036743631377 0
1723098604569 11718.142591704207 0
1723098604570 11692.382886245552 0
1723098604571 11667.22882624403 0
1723098604572 11642.252638989354 0
