1723098675550 17085.900527385642 0
1723098675551 16468.154238812473 0
1723098675552 15899.566028639738 0
1723098675553 15386.258803849061 0
1723098675554 14919.79332237641 0
1723098675556 14502.325063852362 0
1723098675557 14088.572627110445 0
1723098675558 13712.70983124401 0
1723098675559 13379.163839520377 0
1723098675560 13070.997637864246 0
1723098675560 12797.579222496075 0
1723098675561 12532.315346705804 0
1723098675562 12296.42592885585 0
1723098675563 12078.554545960591 0
1723098675564 11880.473723324569 0
1723098675565 11694.005164220349 0
1723098675565 11527.297375449181 0
1723098675566 11370.497949221823 0
1723098675567 11226.021361265895 0
1723098675568 11078.308224581218 0
1723098675568 10950.57193036929 0
1723098675569 10830.579477296105 0
1723098675570 10726.298446175682 0
1723098675571 10627.705162072378 0
1723098675572 10528.181258732026 0
1723098675572 10440.38906063772 0
1723098675573 10360.069113431293 0
1723098675574 10284.728218959728 0
1723098675575 10209.088113968897 0
1723098675576 10135.016462182797 0
1723098675576 10063.65354810454 0
1723098675577 9997.642516431652 0
1723098675578 9937.603391505098 0
1723098675579 9876.280472060893 0
1723098675580 9821.960280116882 0
1723098675580 9768.841459268857 0
1723098675581 9719.516974429827 0
1723098675582 9665.856146262833 0
1723098675583 9620.921457523444 0
1723098675584 9581.042083592876 0
1723098675584 9543.708793352656 0
1723098675585 9500.124675447594 0
1723098675586 9466.65379501655 0
1723098675587 9425.586308910346 0
1723098675588 9392.737900587801 0
1723098675588 9357.255874681903 0
1723098675589 9323.255005809184 0
1723098675590 9288.972315738549 0
1723098675591 9242.633775674725 0
1723098675592 9217.107351878984 0
1723098675592 9176.224110116935 0
1723098675593 9150.938535893321 0
1723098675594 9121.95643905401 0
1723098675595 9086.895992517733 0
1723098675595 9063.199776465322 0
1723098675596 9034.108263316335 0
1723098675597 9007.487198379024 0
1723098675598 8984.391741051926 0
1723098675599 8957.971170952354 0
1723098675599 8937.772783621594 0
1723098675600 8916.118350483395 0
1723098675601 8895.603109460499 0
1723098675602 8860.885326227404 0
1723098675603 8826.522608781948 0
1723098675603 8802.546792238529 0
1723098675604 8773.11280172271 0
1723098675605 8745.957964366718 0
1723098675606 8718.951252808116 0
1723098675607 8700.738382685495 0
1723098675607 8675.102406364118 0
1723098675608 8655.753738511188 0
1723098675609 8628.843988320574 0
1723098675610 8609.193380528868 0
1723098675611 8593.145547431846 0
1723098675611 8572.09995739914 0
1723098675612 8558.284146813647 0
1723098675613 8542.84784863775 0
1723098675614 8523.494828417155 0
1723098675615 8509.646897700255 0
1723098675615 8488.646756763837 0
1723098675616 8470.102103106929 0
1723098675617 8460.974950707454 0
1723098675618 8434.276070484242 0
1723098675619 8421.583156910814 0
1723098675619 8406.437279788604 0
1723098675620 8392.159774562091 0
1723098675621 8377.357907889844 0
1723098675622 8368.4985117283 0
1723098675623 8339.692598667094 0
1723098675624 8327.872841539933 0
1723098675625 8309.59158414436 0
1723098675626 8292.02415858174 0
1723098675627 8283.29377427522 0
1723098675628 8277.194834860959 0
1723098675628 8263.552497024924 0
1723098675629 8245.547460142981 0
1723098675630 8222.833990582372 0
1723098675631 8213.368014429814 0
1723098675632 8209.030311493201 0
1723098675632 8199.212126962339 0
