1723098618736 17628.92192704281 0
1723098618736 17490.92908668547 0
1723098618737 17356.245190599442 0
1723098618738 17225.24688908068 0
1723098618739 17096.91577289639 0
1723098618740 16970.67094790264 0
1723098618741 16845.318341536236 0
1723098618742 16722.675221198493 0
1723098618743 16602.613632968365 0
1723098618743 16485.781531444085 0
1723098618744 16368.693950597843 0
1723098618745 16249.336286355097 0
1723098618746 16136.394684706309 0
1723098618746 16026.612617979908 0
1723098618747 15920.109842530062 0
1723098618748 15814.9953050494 0
1723098618749 15711.020796331912 0
1723098618749 15609.407932371727 0
1723098618750 15509.8918241447 0
1723098618751 15411.644547846008 0
1723098618752 15316.273804713834 0
1723098618753 15220.818373034612 0
1723098618753 15124.309076937505 0
1723098618754 15033.350071277895 0
1723098618755 14944.308781143676 0
1723098618756 14857.267358891175 0
1723098618756 14768.876095490994 0
1723098618757 14682.596133166695 0
1723098618758 14595.643630407045 0
1723098618759 14515.44875977355 0
1723098618759 14436.361373652613 0
1723098618760 14357.447218831334 0
1723098618761 14279.104114592328 0
1723098618762 14201.583409447088 0
1723098618763 14127.560968642505 0
1723098618763 14053.552788714029 0
1723098618764 13983.403992390788 0
1723098618765 13907.780409143073 0
1723098618766 13838.444733218073 0
1723098618766 13767.82081724197 0
1723098618767 13700.902495996748 0
1723098618768 13636.228873653052 0
1723098618769 13571.19972824659 0
1723098618770 13507.999034601493 0
1723098618770 13443.832981883823 0
1723098618771 13383.434130390648 0
1723098618772 13323.445649415771 0
1723098618773 13264.375927883659 0
1723098618773 13206.078726138594 0
1723098618774 13149.636953783302 0
1723098618775 13093.05365122385 0
1723098618776 13036.730102016902 0
1723098618776 12980.833302055491 0
1723098618777 12925.604903903442 0
1723098618778 12873.094596147026 0
1723098618779 12819.997406379502 0
1723098618780 12767.365582940347 0
1723098618780 12716.25520586574 0
1723098618781 12664.838384387289 0
1723098618782 12616.2548147971 0
1723098618783 12568.643076199029 0
1723098618783 12516.798904389181 0
1723098618784 12465.065694426334 0
1723098618785 12418.343225278568 0
1723098618786 12371.1059055295 0
1723098618786 12326.024488914289 0
1723098618787 12279.542872770005 0
1723098618788 12236.726206627152 0
1723098618789 12192.71109510216 0
1723098618790 12151.572263169937 0
1723098618790 12111.004753408979 0
1723098618791 12070.098400048286 0
1723098618792 12028.588137230643 0
1723098618793 11984.465264552524 0
1723098618793 11945.837109408514 0
1723098618794 11907.321468499777 0
1723098618795 11867.947335729103 0
1723098618796 11830.53910663223 0
1723098618796 11794.800313609827 0
1723098618797 11757.978465305612 0
1723098618798 11721.557085770015 0
1723098618799 11686.971312184067 0
1723098618799 11651.589958907904 0
1723098618800 11617.767852689953 0
1723098618801 11584.890566491578 0
1723098618802 11551.260477128413 0
1723098618803 11516.469304865856 0
1723098618803 11484.509932530646 0
1723098618804 11454.302905704522 0
1723098618805 11422.840015153193 0
1723098618806 11392.851786226753 0
1723098618806 11364.401204226271 0
1723098618808 11334.94764218958 0
1723098618808 11304.72707407233 0
1723098618809 11275.229991660495 0
1723098618810 11245.82229301085 0
1723098618811 11216.935991999397 0
1723098618812 11189.679068094669 0
1723098618812 11162.069510445286 0
1723098618813 11136.338666913296 0
