1723098628724 17277.57121504335 0
1723098628724 16831.11598590623 0
1723098628725 16414.01794841902 0
1723098628726 16034.904902708158 0
1723098628728 15688.66111026141 0
1723098628728 15371.104351314878 0
1723098628729 15048.16610778358 0
1723098628730 14756.668877271402 0
1723098628731 14492.96576543745 0
1723098628731 14253.05888723422 0
1723098628732 14042.259471090445 0
1723098628733 13837.33273901382 0
1723098628734 13654.76881492104 0
1723098628734 13496.602825060216 0
1723098628735 13335.356235736424 0
1723098628736 13194.546939220108 0
1723098628737 13056.614669722163 0
1723098628738 12936.468083601823 0
1723098628738 12813.757821031817 0
1723098628739 12695.673840204252 0
1723098628740 12598.184347425975 0
1723098628741 12496.752737533394 0
1723098628741 12401.491486036051 0
1723098628742 12316.380474909 0
1723098628743 12236.633147466704 0
1723098628744 12166.31562368852 0
1723098628744 12093.617212571826 0
1723098628745 12028.830152995435 0
1723098628746 11961.042851378823 0
1723098628747 11899.090556933083 0
1723098628748 11843.760994963814 0
1723098628748 11789.785275661143 0
1723098628749 11741.576446812269 0
1723098628750 11693.543881946971 0
1723098628751 11647.538093266448 0
1723098628751 11603.699327963028 0
1723098628752 11562.814326878939 0
1723098628753 11523.817317601892 0
1723098628754 11486.536783241734 0
1723098628755 11448.662559462786 0
1723098628755 11416.75479306853 0
1723098628756 11387.505251555176 0
1723098628757 11349.724532776898 0
1723098628758 11312.411916509624 0
1723098628758 11281.519740797128 0
1723098628759 11253.639552216602 0
1723098628760 11228.010371559127 0
1723098628761 11198.77948774648 0
1723098628762 11173.55677695587 0
1723098628762 11148.425850633172 0
1723098628763 11127.835089182248 0
1723098628764 11104.924748065043 0
1723098628765 11082.428235254429 0
1723098628765 11061.775487513878 0
1723098628766 11042.884954606332 0
1723098628767 11025.133727830631 0
1723098628768 11008.32422526929 0
1723098628769 10992.952008663062 0
1723098628769 10977.059458206784 0
1723098628770 10960.9701961806 0
1723098628771 10948.360104786301 0
1723098628772 10938.275582264845 0
1723098628772 10923.969256864808 0
1723098628773 10910.566605072347 0
1723098628774 10898.748646089063 0
1723098628775 10882.80591184021 0
1723098628776 10872.416087739437 0
1723098628776 10861.659800146534 0
1723098628777 10854.25435713559 0
1723098628778 10843.584553070576 0
1723098628779 10834.54317940463 0
1723098628779 10821.314815962656 0
1723098628780 10814.07810865762 0
1723098628781 10805.576103728152 0
1723098628782 10796.402537138425 0
1723098628783 10788.63622341296 0
1723098628783 10783.17785233942 0
1723098628784 10770.542055157604 0
1723098628785 10764.7649922733 0
1723098628786 10757.742408490007 0
1723098628786 10746.604085079605 0
1723098628787 10739.60503300832 0
1723098628788 10731.13023812367 0
1723098628789 10724.918529480567 0
1723098628790 10720.591171332682 0
1723098628790 10714.78535062877 0
1723098628791 10709.545597443484 0
1723098628792 10705.084884612352 0
1723098628793 10695.629160635659 0
1723098628794 10691.757496308479 0
1723098628794 10686.665341002683 0
1723098628795 10678.823559518447 0
1723098628796 10671.317153877524 0
1723098628797 10667.419904948028 0
1723098628798 10663.254599450327 0
1723098628799 10659.778529217436 0
1723098628799 10655.306555083664 0
1723098628800 10652.1171640062 0
1723098628801 10647.877110842597 0
1723098628802 10644.932961949378 0
