1723098607904 17641.778803567402 0
1723098607905 17521.49081799409 0
1723098607906 17397.289586419596 0
1723098607907 17276.401042007215 0
1723098607908 17161.109268625125 0
1723098607909 17046.581497709674 0
1723098607910 16931.927890133735 0
1723098607910 16820.70534343389 0
1723098607911 16713.3420301773 0
1723098607912 16606.029624398023 0
1723098607913 16495.94490683293 0
1723098607914 16392.233294383106 0
1723098607914 16289.460965896125 0
1723098607915 16187.921886272963 0
1723098607916 16087.14206508299 0
1723098607917 15989.712106367186 0
1723098607917 15894.84141506198 0
1723098607918 15800.08235196783 0
1723098607919 15708.711009035755 0
1723098607920 15614.34991515207 0
1723098607920 15526.505301047082 0
1723098607921 15434.938336581023 0
1723098607922 15348.11356602344 0
1723098607923 15264.231132082428 0
1723098607924 15182.354618681773 0
1723098607924 15101.408163506094 0
1723098607925 15017.528274952287 0
1723098607926 14938.081402058071 0
1723098607927 14864.69738511989 0
1723098607927 14788.727543504625 0
1723098607928 14715.302837081435 0
1723098607929 14641.41168573597 0
1723098607930 14566.384037369748 0
1723098607930 14495.680379477488 0
1723098607931 14424.000996640892 0
1723098607932 14353.288892758283 0
1723098607933 14285.654888758794 0
1723098607933 14221.251156852908 0
1723098607934 14156.384282098996 0
1723098607935 14091.722371478583 0
1723098607936 14028.928781644137 0
1723098607937 13967.890141850974 0
1723098607937 13906.253313367008 0
1723098607938 13844.472266379305 0
1723098607939 13787.035731175421 0
1723098607940 13725.420695975215 0
1723098607940 13670.378511762063 0
1723098607941 13613.152814771429 0
1723098607942 13558.17423461917 0
1723098607943 13503.711176846722 0
1723098607943 13451.454652291175 0
1723098607944 13396.8323755097 0
1723098607945 13344.253123950333 0
1723098607946 13294.61672959761 0
1723098607946 13245.935048565741 0
1723098607947 13198.00381518827 0
1723098607948 13149.381023350017 0
1723098607949 13100.533662658816 0
1723098607950 13055.096199485803 0
1723098607950 13008.612626108817 0
1723098607951 12963.083873919393 0
1723098607952 12918.054359201982 0
1723098607953 12875.69493622706 0
1723098607953 12833.45398671598 0
1723098607954 12789.542746331092 0
1723098607955 12746.262864419232 0
1723098607956 12706.44877964305 0
1723098607957 12666.028901921336 0
1723098607957 12627.773149945788 0
1723098607958 12588.460412746617 0
1723098607959 12549.635018406134 0
1723098607960 12513.648618227538 0
1723098607960 12476.479749647986 0
1723098607961 12441.035900929171 0
1723098607962 12405.716906066933 0
1723098607963 12368.178827176831 0
1723098607963 12334.343239177473 0
1723098607964 12299.304602852346 0
1723098607965 12266.806220730898 0
1723098607966 12233.303552049467 0
1723098607966 12201.437777889045 0
1723098607967 12169.827470207098 0
1723098607968 12135.104155941057 0
1723098607969 12102.554297753926 0
1723098607969 12071.625755570289 0
1723098607970 12040.21783169564 0
1723098607971 12007.60533396013 0
1723098607972 11977.229030012224 0
1723098607972 11946.296295639144 0
1723098607973 11917.169731206848 0
1723098607974 11889.293413959422 0
1723098607975 11860.462617837371 0
1723098607976 11832.842905665939 0
1723098607977 11805.741779886224 0
1723098607978 11778.328101593683 0
1723098607978 11751.494234552722 0
1723098607979 11724.817339273382 0
1723098607980 11698.218325675174 0
1723098607981 11671.81888467396 0
1723098607981 11646.581845344617 0
