1723098694614 16656.348374305337 0
1723098694615 15746.346356718697 0
1723098694616 15002.462469679907 0
1723098694617 14329.277066052411 0
1723098694618 13750.0692512595 0
1723098694619 13290.634340698802 0
1723098694620 12905.451343505638 0
1723098694621 12570.422105458436 0
1723098694622 12300.452572581553 0
1723098694622 12057.899901970557 0
1723098694623 11862.054085661552 0
1723098694624 11682.8507883103 0
1723098694625 11533.161565738064 0
1723098694626 11397.291443558332 0
1723098694626 11287.156461147522 0
1723098694627 11186.520093860297 0
1723098694628 11098.841674263575 0
1723098694629 10988.988876765883 0
1723098694630 10897.111092435394 0
1723098694630 10822.129638681465 0
1723098694631 10757.175985461485 0
1723098694632 10686.52635365589 0
1723098694633 10645.810820550258 0
1723098694634 10586.038928769847 0
1723098694635 10552.679534850948 0
1723098694636 10513.58472541197 0
1723098694637 10475.604540740882 0
1723098694639 10437.109047784985 0
1723098694640 10404.446014049146 0
1723098694641 10373.98985148733 0
1723098694642 10348.038322807875 0
1723098694644 10316.719546827728 0
1723098694645 10292.369805678472 0
1723098694646 10275.388647638896 0
1723098694647 10245.53669814804 0
1723098694649 10220.23844606299 0
1723098694650 10198.949418583947 0
1723098694651 10182.563866631712 0
1723098694652 10160.817671520808 0
1723098694654 10148.592995702542 0
1723098694655 10132.127953425976 0
1723098694656 10119.328936437778 0
1723098694656 10105.462202354818 0
1723098694657 10081.908026727371 0
1723098694658 10075.424578301789 0
1723098694659 10066.264412964352 0
1723098694660 10053.786887752458 0
1723098694660 10042.226831311642 0
1723098694661 10031.184294626606 0
1723098694662 10020.318743039617 0
1723098694663 10015.252600047776 0
1723098694664 10007.087686311615 0
1723098694664 9997.559102363244 0
1723098694665 9993.005826992432 0
1723098694666 9986.846589478751 0
1723098694667 9971.563585151504 0
1723098694668 9962.857900035779 0
1723098694669 9951.680150218195 0
1723098694669 9941.806120480014 0
1723098694670 9932.378438723657 0
1723098694671 9924.560801666661 0
1723098694672 9920.357186030236 0
1723098694673 9909.256939643103 0
1723098694673 9884.812662773042 0
1723098694674 9871.784565318669 0
1723098694675 9863.256684383075 0
1723098694676 9856.41175557843 0
1723098694677 9847.727969242887 0
1723098694677 9822.592171030312 0
1723098694678 9816.322750282834 0
1723098694679 9811.245044924182 0
1723098694680 9788.206383046807 0
1723098694681 9781.822832057542 0
1723098694682 9774.706071715524 0
1723098694682 9769.719505521824 0
1723098694683 9767.788741970142 0
1723098694684 9754.60836057239 0
1723098694685 9738.864457600914 0
1723098694686 9733.532621626235 0
1723098694687 9721.752083754665 0
1723098694688 9720.20298848104 0
1723098694689 9712.87984885133 0
1723098694689 9701.992447332668 0
1723098694690 9690.393196011497 0
1723098694691 9670.055916446938 0
1723098694692 9653.54756401711 0
1723098694693 9638.499222936118 0
1723098694693 9628.295613683791 0
1723098694694 9613.007595919293 0
1723098694695 9596.923575262852 0
1723098694696 9581.691952653518 0
1723098694697 9569.125512364775 0
1723098694698 9565.957966477801 0
1723098694698 9558.140873783364 0
1723098694699 9553.362493160785 0
1723098694700 9545.045596112655 0
1723098694701 9531.255522535632 0
1723098694702 9522.691146218274 0
1723098694702 9501.102144792045 0
1723098694703 9491.242447463586 0
