1723098640981 17197.95829835802 0
1723098640984 16679.604101906058 0
1723098640985 16210.885371567661 0
1723098640986 15785.129049887613 0
1723098640987 15400.432636019556 0
1723098640989 15020.164754482741 0
1723098640990 14680.985010347253 0
1723098640992 14387.916752452313 0
1723098640993 14100.81646503394 0
1723098640994 13834.017371621443 0
1723098640995 13590.319361009902 0
1723098640997 13373.122548174657 0
1723098640998 13160.131389480182 0
1723098640999 12967.965754807134 0
1723098641001 12794.813388874943 0
1723098641002 12633.629211226846 0
1723098641003 12490.668715630041 0
1723098641004 12351.950642308928 0
1723098641005 12228.118669205614 0
1723098641006 12109.17138338283 0
1723098641007 12003.538080221462 0
1723098641009 11902.391882077374 0
1723098641010 11810.987466338502 0
1723098641011 11726.123450260915 0
1723098641012 11640.122457608613 0
1723098641014 11569.797722276295 0
1723098641015 11498.387239552214 0
1723098641016 11432.662031267602 0
1723098641017 11357.944153035745 0
1723098641018 11303.013357631042 0
1723098641020 11249.20328390211 0
1723098641021 11188.943027475918 0
1723098641022 11143.376959160507 0
1723098641022 11086.019434433947 0
1723098641023 11043.918997534194 0
1723098641024 10994.35765168791 0
1723098641025 10953.174432764674 0
1723098641026 10919.045228444544 0
1723098641026 10876.40862299077 0
1723098641027 10837.680151556144 0
1723098641028 10800.087274639187 0
1723098641029 10766.10232916546 0
1723098641029 10742.813395216688 0
1723098641030 10710.905655732207 0
1723098641031 10682.776373200695 0
1723098641032 10656.738604910406 0
1723098641033 10629.743021359822 0
1723098641033 10603.510044295177 0
1723098641034 10576.67140333188 0
1723098641035 10556.892597286118 0
1723098641036 10535.005060184993 0
1723098641036 10514.608168342325 0
1723098641037 10494.90758525431 0
1723098641038 10481.001546253367 0
1723098641039 10466.654992734359 0
1723098641040 10450.454284087431 0
1723098641040 10438.620004511235 0
1723098641041 10422.86951718929 0
1723098641042 10406.123864990745 0
1723098641043 10390.967942580946 0
1723098641043 10377.596090532614 0
1723098641044 10364.446881178665 0
1723098641045 10355.520806191389 0
1723098641046 10341.935677505795 0
1723098641047 10330.331994424156 0
1723098641047 10321.78647537495 0
1723098641048 10308.904653558877 0
1723098641049 10297.391309410066 0
1723098641050 10286.92786662967 0
1723098641051 10279.479048650528 0
1723098641052 10260.540178788682 0
1723098641053 10249.321391939378 0
1723098641053 10233.335496108562 0
1723098641054 10224.495674385447 0
1723098641055 10208.67957563447 0
1723098641056 10198.30409277289 0
1723098641057 10187.256878526778 0
1723098641057 10178.360665438537 0
1723098641058 10169.419411507695 0
1723098641059 10163.711677514786 0
1723098641060 10154.600285978835 0
1723098641060 10143.473542120551 0
1723098641061 10135.944723219864 0
1723098641062 10128.286688017 0
1723098641063 10124.895513643249 0
1723098641064 10121.294866314513 0
1723098641064 10112.142029688068 0
1723098641065 10105.069282642678 0
1723098641066 10102.65815833299 0
1723098641067 10094.399668385851 0
1723098641067 10088.409689311105 0
1723098641068 10076.615387768587 0
1723098641069 10070.183886608198 0
1723098641070 10065.853196660097 0
1723098641070 10059.29521747182 0
1723098641071 10055.276077001034 0
1723098641073 10051.401804989253 0
1723098641075 10047.429538188582 0
1723098641075 10038.87729093132 0
1723098641077 10029.939653887192 0
