1723098572681 17668.57431075121 0
1723098572682 17569.79874250865 0
1723098572683 17472.988808074122 0
1723098572684 17378.532189921523 0
1723098572685 17285.501453357538 0
1723098572686 17194.71984442302 0
1723098572687 17105.3002910705 0
1723098572687 17018.07071426366 0
1723098572688 16932.115648938496 0
1723098572689 16845.15605761149 0
1723098572690 16762.849019660713 0
1723098572690 16679.11659651984 0
1723098572691 16594.84587954939 0
1723098572692 16517.004418521206 0
1723098572693 16435.76172459359 0
1723098572694 16360.249412530213 0
1723098572694 16281.864467594549 0
1723098572695 16206.76010913426 0
1723098572696 16133.320564436275 0
1723098572697 16061.139230144705 0
1723098572697 15990.311857599761 0
1723098572698 15920.333980093013 0
1723098572699 15849.880424411303 0
1723098572700 15784.340683961087 0
1723098572700 15713.046045489828 0
1723098572701 15649.86454647454 0
1723098572702 15581.022984541032 0
1723098572703 15518.403482079866 0
1723098572703 15453.690281223357 0
1723098572704 15391.130626426922 0
1723098572705 15327.012083156149 0
1723098572706 15270.258872262697 0
1723098572706 15209.983366387942 0
1723098572707 15149.220799485605 0
1723098572708 15093.5371669954 0
1723098572709 15032.150726373384 0
1723098572709 14971.97963620861 0
1723098572710 14913.002445004346 0
1723098572711 14855.192828870637 0
1723098572712 14798.530231985163 0
1723098572712 14742.989313773583 0
1723098572713 14688.550377810521 0
1723098572714 14635.189029182671 0
1723098572715 14582.886396032667 0
1723098572716 14531.618992915139 0
1723098572716 14481.359414165898 0
1723098572717 14433.909529688819 0
1723098572718 14386.452725087482 0
1723098572719 14339.940310897708 0
1723098572719 14296.658570079171 0
1723098572720 14250.351472078628 0
1723098572721 14206.215711666562 0
1723098572722 14164.262995087072 0
1723098572722 14120.193203331202 0
1723098572723 14079.666728268774 0
1723098572724 14037.047734943535 0
1723098572725 13997.902998440703 0
1723098572725 13956.636797510157 0
1723098572726 13918.822757384974 0
1723098572727 13878.91430499821 0
1723098572728 13842.385484213377 0
1723098572728 13805.148567031854 0
1723098572729 13767.116617641708 0
1723098572730 13733.115704964324 0
1723098572731 13697.383806302303 0
1723098572731 13661.1491932602 0
1723098572732 13628.163922866146 0
1723098572733 13593.063129151013 0
1723098572734 13561.182964037856 0
1723098572734 13528.355735428242 0
1723098572735 13494.878364106962 0
1723098572736 13464.338282283834 0
1723098572737 13431.898000252451 0
1723098572737 13402.034292068585 0
1723098572738 13370.607580435975 0
1723098572739 13342.351894743739 0
1723098572740 13311.898873015381 0
1723098572740 13283.620592864367 0
1723098572741 13253.451419535631 0
1723098572742 13224.338583070234 0
1723098572743 13196.665737044139 0
1723098572743 13168.501634876613 0
1723098572744 13142.635595916367 0
1723098572745 13115.332197266933 0
1723098572746 13089.941221911484 0
1723098572746 13063.021307038238 0
1723098572747 13036.927444917916 0
1723098572748 13012.98866092392 0
1723098572749 12986.798138414038 0
1723098572749 12961.104011025853 0
1723098572750 12935.775551950139 0
1723098572751 12912.835837441045 0
1723098572752 12887.938964971072 0
1723098572753 12864.11008381199 0
1723098572754 12840.024582346263 0
1723098572754 12818.206574301727 0
1723098572755 12794.888952162932 0
1723098572756 12771.841338224423 0
1723098572757 12748.948808408111 0
1723098572757 12727.260046076079 0
