1723098691202 16922.083730961 0
1723098691203 16138.515111282013 0
1723098691204 15555.252375653123 0
1723098691205 15020.488821472978 0
1723098691206 14504.651899227661 0
1723098691207 14022.552506661059 0
1723098691208 13650.498009418827 0
1723098691208 13301.437826885644 0
1723098691209 13022.907778957335 0
1723098691210 12759.311804594858 0
1723098691211 12562.593347497042 0
1723098691212 12386.573790560878 0
1723098691212 12259.416628290086 0
1723098691213 12120.209648210644 0
1723098691214 12000.317363206208 0
1723098691215 11881.88477449926 0
1723098691216 11777.820166891292 0
1723098691216 11681.810062150926 0
1723098691217 11586.589161504924 0
1723098691218 11497.540218507022 0
1723098691219 11425.850496589019 0
1723098691220 11378.025986355795 0
1723098691221 11324.958224883116 0
1723098691221 11274.362894445963 0
1723098691222 11215.095862094704 0
1723098691223 11187.56036306408 0
1723098691224 11135.106615154273 0
1723098691225 11088.137765954456 0
1723098691225 11051.008344437585 0
1723098691226 11020.903644867869 0
1723098691227 10989.230672975329 0
1723098691228 10975.055610764246 0
1723098691229 10950.732059217293 0
1723098691229 10927.419665196225 0
1723098691230 10899.887213979184 0
1723098691231 10877.302038727083 0
1723098691232 10861.76868796472 0
1723098691233 10844.437560814922 0
1723098691233 10827.170331951425 0
1723098691234 10813.511950447122 0
1723098691235 10799.332830242929 0
1723098691236 10786.5513150322 0
1723098691237 10769.127815711234 0
1723098691238 10746.898452988069 0
1723098691238 10737.255125538137 0
1723098691239 10723.713164330928 0
1723098691240 10712.281167340956 0
1723098691241 10700.097774219592 0
1723098691242 10689.071070236663 0
1723098691242 10677.090858868078 0
1723098691243 10666.406535289638 0
1723098691244 10647.128407855893 0
1723098691245 10633.682849235523 0
1723098691246 10620.964416510085 0
1723098691246 10604.869155512597 0
1723098691247 10598.745449659791 0
1723098691248 10591.868596048676 0
1723098691249 10586.79845133231 0
1723098691250 10581.028880283568 0
1723098691251 10566.65043668666 0
1723098691251 10558.818822604515 0
1723098691252 10551.740710217215 0
1723098691253 10547.43705270536 0
1723098691254 10537.878662925388 0
1723098691255 10533.483336073381 0
1723098691255 10524.240238657389 0
1723098691256 10518.566381901608 0
1723098691257 10512.302810483638 0
1723098691258 10507.857333720112 0
1723098691259 10500.43255168585 0
1723098691260 10497.838654361085 0
1723098691260 10493.52275263742 0
1723098691261 10490.539813976344 0
1723098691262 10480.265829471906 0
1723098691263 10478.151379811943 0
1723098691264 10474.827183122772 0
1723098691264 10470.18203950159 0
1723098691265 10459.630548119763 0
1723098691266 10447.608707816258 0
1723098691267 10442.916778882614 0
1723098691268 10433.109110290281 0
1723098691268 10421.670899903973 0
1723098691269 10411.972615883884 0
1723098691270 10408.56022764721 0
1723098691271 10406.683037273073 0
1723098691272 10403.859368003781 0
1723098691273 10402.39530079242 0
1723098691274 10395.476635324922 0
1723098691275 10391.926239392675 0
1723098691276 10376.948959628695 0
1723098691276 10371.889808363829 0
1723098691277 10366.485145758588 0
1723098691278 10359.973332800342 0
1723098691279 10357.062008141718 0
1723098691280 10353.695031564373 0
1723098691280 10346.152311632906 0
1723098691281 10333.491785425442 0
1723098691282 10318.392182119691 0
1723098691283 10317.15824686889 0
1723098691284 10312.345488432244 0
