1723098688300 16811.49149399983 0
1723098688301 16017.391096830446 0
1723098688302 15339.68981551975 0
1723098688303 14723.036392473938 0
1723098688304 14205.19261406217 0
1723098688305 13811.977272801882 0
1723098688306 13444.014844238336 0
1723098688306 13163.377189022249 0
1723098688307 12878.763306691073 0
1723098688308 12675.200347461601 0
1723098688309 12475.271751384846 0
1723098688310 12293.289790254108 0
1723098688310 12134.538520711056 0
1723098688311 11982.653923240723 0
1723098688312 11848.190188795943 0
1723098688313 11739.72398040015 0
1723098688314 11649.096172023395 0
1723098688314 11563.673144734681 0
1723098688315 11485.26055313073 0
1723098688316 11402.226485581248 0
1723098688317 11332.146009964696 0
1723098688318 11279.290455167678 0
1723098688318 11220.995012286952 0
1723098688319 11174.681296261946 0
1723098688320 11129.987792249112 0
1723098688321 11085.401994275751 0
1723098688322 11047.378931578907 0
1723098688322 11018.328462692552 0
1723098688323 10990.855853187935 0
1723098688324 10961.298032329056 0
1723098688325 10930.05498942849 0
1723098688326 10899.835781165411 0
1723098688326 10871.157313302256 0
1723098688327 10843.311165170306 0
1723098688328 10820.766697727955 0
1723098688329 10805.438690965333 0
1723098688330 10785.72349390344 0
1723098688330 10772.343868872851 0
1723098688331 10756.87051723255 0
1723098688332 10740.664241301049 0
1723098688333 10724.618113668912 0
1723098688334 10712.79754623485 0
1723098688334 10702.438782299254 0
1723098688335 10677.867934840795 0
1723098688336 10671.189210644927 0
1723098688337 10662.879441352714 0
1723098688338 10645.22543890018 0
1723098688338 10634.315500131785 0
1723098688339 10628.3247961852 0
1723098688340 10610.892824944465 0
1723098688341 10600.838861392762 0
1723098688342 10597.549350817331 0
1723098688342 10592.988208461229 0
1723098688343 10585.902867106184 0
1723098688344 10582.463977380028 0
1723098688345 10573.03018722556 0
1723098688346 10568.46010658973 0
1723098688346 10564.483759719504 0
1723098688347 10552.209734746562 0
1723098688348 10548.359912572807 0
1723098688349 10537.34057406037 0
1723098688350 10531.442480415562 0
1723098688350 10526.996815556124 0
1723098688351 10521.44075445762 0
1723098688352 10517.044992864256 0
1723098688353 10511.34475890592 0
1723098688354 10508.532558282219 0
1723098688354 10503.47819796218 0
1723098688355 10491.034377624363 0
1723098688356 10481.098695572973 0
1723098688357 10475.54733841853 0
1723098688358 10466.056488048529 0
1723098688358 10463.31777171499 0
1723098688359 10459.690645740151 0
1723098688360 10455.04483155012 0
1723098688361 10438.697547148102 0
1723098688362 10430.437093724484 0
1723098688362 10428.642467543214 0
1723098688363 10419.523325686543 0
1723098688364 10412.639394572954 0
1723098688365 10410.38929274986 0
1723098688366 10407.551277139673 0
1723098688366 10402.94606513352 0
1723098688367 10394.679510944947 0
1723098688368 10383.52531663097 0
1723098688369 10372.422753262277 0
1723098688370 10368.814459420695 0
1723098688371 10355.082294242515 0
1723098688372 10352.027906025362 0
1723098688373 10350.732178827646 0
1723098688374 10346.275572077777 0
1723098688375 10340.589635377397 0
1723098688375 10329.744857696585 0
1723098688376 10318.20092829701 0
1723098688377 10312.64690335948 0
1723098688378 10303.544553409232 0
1723098688379 10291.552035104256 0
1723098688379 10280.884440326234 0
1723098688380 10267.318109633543 0
1723098688381 10251.357216089598 0
