1723098637598 17279.197474968096 0
1723098637599 16851.941118699408 0
1723098637600 16462.56263560121 0
1723098637601 16090.314673468201 0
1723098637602 15761.71677163459 0
1723098637603 15426.410110436724 0
1723098637603 15116.426828757023 0
1723098637604 14904.025545992994 0
1723098637605 14655.88411333343 0
1723098637606 14432.29820088794 0
1723098637607 14200.398774789068 0
1723098637607 14000.952812425334 0
1723098637608 13797.19068470276 0
1723098637609 13634.52176324127 0
1723098637610 13462.99514795037 0
1723098637611 13319.732909137594 0
1723098637611 13176.731100184994 0
1723098637612 13037.378122424598 0
1723098637613 12916.640782036618 0
1723098637614 12811.360989771856 0
1723098637615 12704.472204889196 0
1723098637615 12607.402147922656 0
1723098637616 12514.420585646643 0
1723098637617 12420.011218953872 0
1723098637618 12334.00667451575 0
1723098637618 12271.280041717666 0
1723098637619 12211.719830719274 0
1723098637620 12134.57749814172 0
1723098637621 12061.177397212441 0
1723098637622 11996.878678735615 0
1723098637622 11935.620428180418 0
1723098637623 11869.49183064861 0
1723098637624 11808.58111681751 0
1723098637625 11757.044093448098 0
1723098637625 11708.178896815793 0
1723098637626 11658.740949900139 0
1723098637627 11619.028983293585 0
1723098637628 11574.523380745399 0
1723098637629 11536.103268037717 0
1723098637630 11503.132376669022 0
1723098637630 11463.267442344955 0
1723098637631 11427.171469026312 0
1723098637632 11398.042117561443 0
1723098637633 11369.584352806678 0
1723098637633 11343.106231623246 0
1723098637634 11311.628325724354 0
1723098637635 11284.005588804885 0
1723098637636 11263.204356625398 0
1723098637637 11234.059987511078 0
1723098637637 11211.580179998886 0
1723098637638 11185.206707109923 0
1723098637639 11163.302422336732 0
1723098637640 11137.657949397542 0
1723098637640 11117.841709354954 0
1723098637641 11096.411184989196 0
1723098637642 11075.770701396552 0
1723098637643 11059.526269075426 0
1723098637644 11047.204490815127 0
1723098637644 11033.2436473529 0
1723098637645 11020.643505525604 0
1723098637646 11005.05586294215 0
1723098637647 10981.859453803329 0
1723098637648 10967.89201954851 0
1723098637648 10953.245811306135 0
1723098637649 10939.533328357717 0
1723098637650 10921.119237589735 0
1723098637651 10910.441313869671 0
1723098637651 10899.173032887864 0
1723098637652 10881.238809559793 0
1723098637653 10870.93505419342 0
1723098637654 10858.267845048133 0
1723098637655 10851.213269408416 0
1723098637655 10837.507717206605 0
1723098637656 10826.521480571486 0
1723098637657 10813.637390803538 0
1723098637658 10806.27720223532 0
1723098637658 10799.836316119008 0
1723098637659 10793.235187158909 0
1723098637660 10782.97457152277 0
1723098637661 10770.54590295781 0
1723098637662 10761.551887494883 0
1723098637662 10756.43465168987 0
1723098637663 10750.202744713397 0
1723098637664 10744.183658745218 0
1723098637665 10739.399157946531 0
1723098637665 10729.39944206282 0
1723098637666 10724.920147950537 0
1723098637667 10719.24839577175 0
1723098637668 10714.705243397862 0
1723098637669 10703.739261034361 0
1723098637670 10699.449838545672 0
1723098637671 10694.755411799144 0
1723098637671 10690.767836869565 0
1723098637672 10686.781411679081 0
1723098637673 10676.572789551337 0
1723098637674 10671.920807842214 0
1723098637675 10668.827731101637 0
1723098637675 10663.39902938731 0
1723098637676 10653.752148327098 0
1723098637677 10648.607995167567 0
