1723098654009 17137.82111196493 0
1723098654010 16565.717093194584 0
1723098654011 16048.276670446689 0
1723098654012 15572.247578237653 0
1723098654013 15146.705786677887 0
1723098654014 14751.283996815848 0
1723098654015 14382.612165384224 0
1723098654016 14050.845865683686 0
1723098654016 13742.543897416632 0
1723098654017 13457.040645377201 0
1723098654018 13200.939112572227 0
1723098654019 12962.948886893746 0
1723098654020 12745.765641838172 0
1723098654020 12542.833535764506 0
1723098654021 12363.537322208105 0
1723098654022 12186.425369796112 0
1723098654023 12018.34790383922 0
1723098654024 11865.14294364518 0
1723098654024 11725.093597075262 0
1723098654025 11595.540568445449 0
1723098654026 11481.885094411839 0
1723098654027 11371.162266029834 0
1723098654028 11270.055288329428 0
1723098654029 11179.348440163585 0
1723098654029 11091.617373449373 0
1723098654030 11008.877108335493 0
1723098654031 10934.723106540112 0
1723098654032 10863.836456919136 0
1723098654032 10795.095834591328 0
1723098654033 10734.594670007864 0
1723098654034 10671.61144609635 0
1723098654035 10614.212938847468 0
1723098654036 10560.779170212612 0
1723098654036 10509.83320269346 0
1723098654037 10461.166495695508 0
1723098654038 10413.201777040498 0
1723098654039 10371.019646811328 0
1723098654040 10334.122293942833 0
1723098654040 10289.569454350749 0
1723098654041 10255.671088829298 0
1723098654042 10217.478839409907 0
1723098654043 10187.641046932924 0
1723098654044 10155.211259514283 0
1723098654044 10126.554133882053 0
1723098654045 10096.948004034692 0
1723098654046 10070.472575864393 0
1723098654047 10037.132105539129 0
1723098654048 10012.733321568903 0
1723098654048 9983.318073157789 0
1723098654049 9954.706470812862 0
1723098654050 9934.346817352287 0
1723098654051 9904.792815046283 0
1723098654051 9883.900893816432 0
1723098654052 9858.643246413803 0
1723098654053 9841.689677603445 0
1723098654054 9818.964873369057 0
1723098654055 9796.646791430207 0
1723098654055 9780.005717459633 0
1723098654056 9760.694743036416 0
1723098654057 9731.721008410825 0
1723098654058 9703.429240331849 0
1723098654059 9687.23721765333 0
1723098654059 9671.547284044664 0
1723098654060 9651.49408759934 0
1723098654061 9636.95117265872 0
1723098654062 9605.282142568676 0
1723098654062 9594.358394957859 0
1723098654063 9580.869311224644 0
1723098654064 9568.541729259216 0
1723098654065 9558.584901509881 0
1723098654066 9542.990549180613 0
1723098654066 9530.139929416571 0
1723098654067 9518.030377797624 0
1723098654068 9491.264067726233 0
1723098654069 9467.668278220506 0
1723098654070 9458.131029719834 0
1723098654070 9447.588332524283 0
1723098654071 9421.84707514623 0
1723098654072 9412.944215365518 0
1723098654073 9402.252288970436 0
1723098654074 9382.510340418374 0
1723098654074 9361.11405325947 0
1723098654075 9353.086382259771 0
1723098654076 9334.181990162298 0
1723098654077 9323.840302680272 0
1723098654078 9307.937452173546 0
1723098654078 9300.559901323133 0
1723098654079 9290.53064010085 0
1723098654080 9270.685069810013 0
1723098654081 9262.808539210486 0
1723098654082 9256.290892638557 0
1723098654083 9241.15535716761 0
1723098654084 9234.268079613785 0
1723098654084 9219.415353373413 0
1723098654085 9202.058930373674 0
1723098654086 9191.808417589367 0
1723098654087 9186.629225070878 0
1723098654088 9176.656580168461 0
1723098654088 9166.53070138881 0
1723098654089 9152.933395612192 0
