1723098631772 17312.283202245428 0
1723098631773 16860.74091004582 0
1723098631774 16450.22649211945 0
1723098631775 16059.413957221153 0
1723098631776 15716.037425429422 0
1723098631777 15378.918666289881 0
1723098631777 15068.475879721333 0
1723098631778 14793.58138518322 0
1723098631779 14531.396904262481 0
1723098631780 14285.181423956032 0
1723098631780 14068.939169118965 0
1723098631781 13856.164633363425 0
1723098631782 13669.303966626148 0
1723098631783 13503.09685059547 0
1723098631784 13362.613046249617 0
1723098631784 13207.414537610823 0
1723098631785 13079.4533666615 0
1723098631786 12944.663098970694 0
1723098631787 12825.818207348962 0
1723098631788 12722.647139292174 0
1723098631788 12622.57656300766 0
1723098631789 12522.0583113395 0
1723098631790 12426.776736927764 0
1723098631791 12348.554125328195 0
1723098631791 12264.757695505068 0
1723098631792 12189.11812007664 0
1723098631793 12112.765444573355 0
1723098631794 12042.43630179679 0
1723098631794 11979.692019314725 0
1723098631795 11916.672313239482 0
1723098631796 11861.255305198494 0
1723098631797 11807.86288652706 0
1723098631797 11754.36397266824 0
1723098631798 11693.250374476525 0
1723098631799 11650.457058702457 0
1723098631800 11606.18531709295 0
1723098631801 11554.49185781974 0
1723098631801 11516.527291503668 0
1723098631802 11476.343597837755 0
1723098631803 11440.021055752828 0
1723098631804 11407.201323447864 0
1723098631804 11378.584019483314 0
1723098631805 11341.552548744281 0
1723098631806 11307.756607580184 0
1723098631807 11274.302191427749 0
1723098631808 11246.280349612307 0
1723098631808 11223.434067976403 0
1723098631809 11199.533114373742 0
1723098631810 11175.13648457865 0
1723098631811 11150.610231774985 0
1723098631811 11130.076419549847 0
1723098631812 11108.497116351322 0
1723098631813 11087.266469796059 0
1723098631814 11066.053362405279 0
1723098631814 11051.99859932184 0
1723098631815 11035.33407970955 0
1723098631816 11017.828680915161 0
1723098631817 11002.596623454483 0
1723098631818 10987.222519577268 0
1723098631818 10973.529709340262 0
1723098631819 10960.025026183815 0
1723098631820 10948.6823101722 0
1723098631821 10934.890861533893 0
1723098631821 10926.333598353549 0
1723098631822 10913.289586502446 0
1723098631823 10902.5632618122 0
1723098631824 10893.754385164746 0
1723098631825 10883.658705733293 0
1723098631825 10873.665649043669 0
1723098631826 10863.27370992408 0
1723098631827 10854.46045907657 0
1723098631828 10845.875412083584 0
1723098631828 10837.028659468438 0
1723098631829 10829.697497534846 0
1723098631830 10815.648563741786 0
1723098631831 10800.913815517111 0
1723098631832 10787.31382576536 0
1723098631832 10781.430310780313 0
1723098631833 10772.96378169301 0
1723098631834 10762.05327717779 0
1723098631835 10750.035417967358 0
1723098631835 10744.403151996821 0
1723098631836 10737.697182304762 0
1723098631837 10731.061635402479 0
1723098631838 10722.2935661896 0
1723098631838 10715.931866119456 0
1723098631839 10709.172649939326 0
1723098631840 10699.679045279983 0
1723098631841 10695.950531475091 0
1723098631842 10690.564767065229 0
1723098631842 10687.14387939334 0
1723098631843 10681.931493180173 0
1723098631844 10674.097888981936 0
1723098631845 10669.516936842318 0
1723098631846 10658.077622902794 0
1723098631847 10653.941291548645 0
1723098631848 10646.011990397452 0
1723098631848 10643.015333491661 0
1723098631849 10639.679285668111 0
1723098631850 10636.965103144721 0
