1723098685157 16783.424881259107 0
1723098685158 15954.081890705464 0
1723098685159 15286.058686465636 0
1723098685160 14713.824222906498 0
1723098685161 14232.149693696232 0
1723098685162 13793.592510866349 0
1723098685163 13465.24094011359 0
1723098685163 13139.324755602012 0
1723098685164 12868.54904777696 0
1723098685165 12637.744369369766 0
1723098685166 12441.232659386653 0
1723098685167 12263.281754348513 0
1723098685167 12115.590281211016 0
1723098685168 11981.566375862789 0
1723098685169 11862.292096485744 0
1723098685170 11744.090635457373 0
1723098685171 11653.44521270524 0
1723098685172 11565.491420372859 0
1723098685172 11483.552295758273 0
1723098685173 11407.7779354396 0
1723098685174 11346.77834889247 0
1723098685175 11288.474191872428 0
1723098685176 11238.95204045155 0
1723098685176 11181.927160509897 0
1723098685177 11133.015035347154 0
1723098685178 11091.003077012994 0
1723098685179 11048.567306225244 0
1723098685180 11010.707520398064 0
1723098685180 10978.61596275721 0
1723098685181 10953.933522230822 0
1723098685182 10928.025896470303 0
1723098685183 10909.555437373197 0
1723098685184 10887.529219054162 0
1723098685185 10868.080158811048 0
1723098685185 10849.819769474716 0
1723098685186 10831.04348906117 0
1723098685187 10811.728884354128 0
1723098685188 10800.322779449261 0
1723098685189 10782.480791065533 0
1723098685189 10758.484141708746 0
1723098685190 10748.569303239525 0
1723098685191 10735.888649010427 0
1723098685192 10719.715695271727 0
1723098685193 10702.098973396587 0
1723098685193 10691.650827324936 0
1723098685194 10685.104560063417 0
1723098685195 10678.047706492649 0
1723098685196 10669.725549906858 0
1723098685197 10648.400941377706 0
1723098685198 10642.924170170407 0
1723098685200 10622.28096037255 0
1723098685201 10616.64494877891 0
1723098685202 10602.477759140003 0
1723098685203 10597.615769424414 0
1723098685205 10587.836918719748 0
1723098685206 10581.313360669184 0
1723098685208 10567.657849163366 0
1723098685209 10561.896464702768 0
1723098685210 10548.357295479364 0
1723098685212 10542.269347824662 0
1723098685213 10537.884513023782 0
1723098685215 10532.303944141238 0
1723098685216 10526.78994755816 0
1723098685217 10515.189665785332 0
1723098685219 10507.241475516394 0
1723098685220 10502.76091885055 0
1723098685221 10498.783692543922 0
1723098685223 10484.135218711375 0
1723098685224 10475.806198763508 0
1723098685225 10470.774800713172 0
1723098685227 10465.828223835595 0
1723098685229 10464.147940261295 0
1723098685230 10448.048464174664 0
1723098685231 10446.16566723602 0
1723098685233 10442.086385234032 0
1723098685234 10433.508489255471 0
1723098685236 10428.490942927961 0
1723098685238 10427.022650720442 0
1723098685239 10420.125792833862 0
1723098685241 10416.987119215768 0
1723098685242 10411.690479702504 0
1723098685243 10406.485215063249 0
1723098685245 10394.216045585856 0
1723098685246 10380.794992051926 0
1723098685247 10374.737054833402 0
1723098685249 10370.3757909316 0
1723098685250 10365.26301786438 0
1723098685251 10354.94147095119 0
1723098685252 10345.173577132031 0
1723098685254 10342.361644539274 0
1723098685255 10339.165463252644 0
1723098685257 10329.11652847871 0
1723098685258 10325.989592209258 0
1723098685259 10315.378162449882 0
1723098685261 10301.701054766745 0
1723098685262 10299.05655174528 0
1723098685264 10294.398154022938 0
1723098685265 10275.875427972294 0
1723098685266 10267.2407982748 0
1723098685268 10263.9514165082 0
