1723098647416 17218.35892122486 0
1723098647418 16722.84660724951 0
1723098647419 16251.03853603871 0
1723098647420 15815.26399083203 0
1723098647422 15437.271256917047 0
1723098647423 15069.417631634498 0
1723098647425 14725.04120377733 0
1723098647426 14411.499056469036 0
1723098647427 14135.540082796924 0
1723098647429 13881.757752877167 0
1723098647430 13628.846407366138 0
1723098647431 13414.404661414446 0
1723098647433 13217.535863337276 0
1723098647434 13022.61016771578 0
1723098647435 12849.358855287595 0
1723098647437 12691.920807309045 0
1723098647438 12540.665315368818 0
1723098647439 12407.630945652267 0
1723098647441 12274.016118342397 0
1723098647442 12154.298702958982 0
1723098647443 12040.804886562062 0
1723098647445 11931.774650137437 0
1723098647446 11839.121304880144 0
1723098647447 11748.964403952112 0
1723098647448 11668.597868591778 0
1723098647450 11591.182442451445 0
1723098647451 11516.260050208957 0
1723098647453 11445.285742472235 0
1723098647454 11384.85291402686 0
1723098647455 11323.907718221211 0
1723098647457 11268.975614177078 0
1723098647458 11213.537502850317 0
1723098647459 11164.8051015656 0
1723098647461 11111.58467627516 0
1723098647462 11065.863751293145 0
1723098647463 11017.367868067713 0
1723098647465 10975.58522424982 0
1723098647466 10931.680067998594 0
1723098647467 10888.511293652416 0
1723098647469 10849.934148662454 0
1723098647470 10814.5183138042 0
1723098647471 10778.323653087058 0
1723098647473 10744.45824278858 0
1723098647474 10714.613656951004 0
1723098647476 10691.879507166064 0
1723098647477 10667.619212246875 0
1723098647478 10643.972760744966 0
1723098647480 10614.397359964849 0
1723098647481 10593.085039812466 0
1723098647482 10570.688639331524 0
1723098647484 10549.23068055748 0
1723098647485 10527.230768101104 0
1723098647486 10510.738399253456 0
1723098647488 10489.994705590869 0
1723098647489 10471.390588915297 0
1723098647490 10458.166747589921 0
1723098647492 10444.666260366947 0
1723098647493 10427.819058360896 0
1723098647495 10414.630934118415 0
1723098647496 10399.646387072165 0
1723098647497 10385.69542871192 0
1723098647498 10368.957424563663 0
1723098647499 10355.663227879339 0
1723098647500 10346.177677401236 0
1723098647500 10334.508685886864 0
1723098647501 10319.273862446962 0
1723098647502 10299.223760436893 0
1723098647503 10285.043144868925 0
1723098647504 10275.004800430546 0
1723098647504 10262.583168942892 0
1723098647505 10250.687939436979 0
1723098647506 10244.790295238707 0
1723098647507 10236.003961978933 0
1723098647507 10224.853881944104 0
1723098647508 10219.499664323654 0
1723098647509 10211.788213268948 0
1723098647510 10201.898756541925 0
1723098647510 10195.676482505365 0
1723098647511 10185.98593299134 0
1723098647512 10181.903498811622 0
1723098647513 10173.464301000313 0
1723098647514 10163.391724732868 0
1723098647514 10155.02372118453 0
1723098647515 10148.811782927896 0
1723098647516 10137.133513674951 0
1723098647517 10130.783935417185 0
1723098647517 10118.862720270923 0
1723098647518 10112.149073169307 0
1723098647519 10102.264855209043 0
1723098647520 10095.750459046583 0
1723098647520 10089.068246601344 0
1723098647521 10083.556827814065 0
1723098647522 10077.58999391352 0
1723098647523 10068.022005235103 0
1723098647524 10058.404971131304 0
1723098647524 10052.334636829406 0
1723098647526 10047.748656334115 0
1723098647526 10043.456655092716 0
1723098647527 10038.399925413129 0
1723098647528 10030.949325065427 0
