1723098644204 17197.545259967334 0
1723098644205 16687.21766091805 0
1723098644206 16220.167947351962 0
1723098644206 15788.318671565936 0
1723098644208 15398.867142989293 0
1723098644208 15018.850391958353 0
1723098644209 14690.503635891082 0
1723098644210 14382.262960047357 0
1723098644211 14091.629103944824 0
1723098644212 13836.885172124665 0
1723098644212 13582.86005243647 0
1723098644213 13353.120481634223 0
1723098644214 13147.544737208324 0
1723098644215 12958.400750699639 0
1723098644216 12782.740268709684 0
1723098644216 12622.151582443343 0
1723098644217 12480.80566368947 0
1723098644218 12340.989003979485 0
1723098644219 12220.38149281059 0
1723098644219 12101.851892895213 0
1723098644220 11998.286482733298 0
1723098644221 11897.935394533919 0
1723098644222 11805.224362521742 0
1723098644223 11718.723663715688 0
1723098644223 11636.771509384318 0
1723098644224 11566.907900278919 0
1723098644225 11496.25777819616 0
1723098644226 11437.57449950664 0
1723098644227 11375.973901242141 0
1723098644227 11318.958961844892 0
1723098644228 11259.609243004157 0
1723098644229 11206.55510116149 0
1723098644230 11147.968606755234 0
1723098644230 11106.502958361947 0
1723098644231 11056.414701210995 0
1723098644232 11007.427326863142 0
1723098644233 10969.470767696519 0
1723098644234 10927.30357864421 0
1723098644234 10889.45506936432 0
1723098644235 10858.782434252047 0
1723098644236 10821.35771989729 0
1723098644237 10786.61362866347 0
1723098644238 10755.324250759602 0
1723098644238 10722.748438418204 0
1723098644239 10701.647422596487 0
1723098644240 10676.51803326526 0
1723098644241 10650.240204670514 0
1723098644241 10632.597775366756 0
1723098644242 10602.315424603783 0
1723098644243 10582.36185804167 0
1723098644244 10560.361911563188 0
1723098644245 10536.910074326714 0
1723098644246 10513.02977614465 0
1723098644247 10492.562419204774 0
1723098644248 10473.483982336047 0
1723098644249 10458.960095539062 0
1723098644251 10439.822522450653 0
1723098644252 10419.64616725919 0
1723098644253 10408.604838477164 0
1723098644254 10392.689867580953 0
1723098644255 10374.020979087461 0
1723098644257 10359.204337535446 0
1723098644258 10348.180419142447 0
1723098644259 10334.796364706173 0
1723098644260 10320.96869402859 0
1723098644261 10310.963134946483 0
1723098644263 10298.719222053272 0
1723098644264 10286.32226915666 0
1723098644265 10271.289642496356 0
1723098644266 10261.70658588446 0
1723098644267 10249.418198982035 0
1723098644268 10236.945993419482 0
1723098644270 10230.617573844518 0
1723098644271 10220.18905293809 0
1723098644272 10211.86973236871 0
1723098644273 10202.398760841466 0
1723098644274 10196.575505357388 0
1723098644277 10188.70922922933 0
1723098644278 10183.859554227543 0
1723098644279 10176.942076247129 0
1723098644280 10169.091541502212 0
1723098644282 10159.223891725327 0
1723098644283 10148.72587770721 0
1723098644284 10142.21894727832 0
1723098644286 10135.991974912504 0
1723098644292 10127.97481990704 0
1723098644293 10122.555156278979 0
1723098644294 10117.65654479581 0
1723098644295 10113.608788674313 0
1723098644295 10108.712511451207 0
1723098644296 10106.395530826021 0
1723098644297 10098.187282807128 0
1723098644298 10089.56711287751 0
1723098644299 10085.263594542992 0
1723098644299 10080.97685290266 0
1723098644300 10075.766923079967 0
1723098644301 10070.188497704745 0
1723098644302 10066.353159658482 0
1723098644303 10060.138462170858 0
1723098644306 10052.048733630638 0
