1723098590461 17654.99570549066 0
1723098590462 17540.030769884648 0
1723098590463 17431.144860853245 0
1723098590464 17323.187663449648 0
1723098590465 17217.216760410232 0
1723098590465 17113.155541984317 0
1723098590466 17009.059034880338 0
1723098590467 16909.014324868807 0
1723098590468 16807.465459154584 0
1723098590468 16716.158797711043 0
1723098590469 16617.43775450672 0
1723098590470 16522.233164142137 0
1723098590471 16430.197163940746 0
1723098590471 16341.777431317947 0
1723098590472 16250.31676290599 0
1723098590473 16162.35980826386 0
1723098590474 16077.387935934643 0
1723098590474 15993.150534639917 0
1723098590475 15908.544173185133 0
1723098590476 15826.770907915843 0
1723098590477 15745.971542736752 0
1723098590477 15666.678941680844 0
1723098590478 15588.189352572497 0
1723098590479 15511.364452835869 0
1723098590480 15437.916816850588 0
1723098590480 15364.898995542211 0
1723098590481 15288.15573187997 0
1723098590482 15216.29354378967 0
1723098590483 15146.734006688665 0
1723098590484 15078.585293575677 0
1723098590484 15011.486197622118 0
1723098590485 14947.087027841299 0
1723098590486 14882.26492835003 0
1723098590487 14814.148402717734 0
1723098590487 14750.94363801155 0
1723098590488 14685.073580195954 0
1723098590489 14623.807463983232 0
1723098590490 14563.129635616473 0
1723098590490 14502.271711341342 0
1723098590491 14444.412178703744 0
1723098590492 14386.050164690972 0
1723098590493 14327.80915248687 0
1723098590493 14270.416347613682 0
1723098590494 14213.134825330499 0
1723098590495 14160.176648979515 0
1723098590496 14107.710181295111 0
1723098590497 14059.162991670708 0
1723098590497 14005.560950092628 0
1723098590498 13956.237635904688 0
1723098590499 13908.606738816372 0
1723098590500 13859.069132719873 0
1723098590500 13809.218842665023 0
1723098590501 13760.224550088476 0
1723098590502 13713.163667257457 0
1723098590503 13667.361802878651 0
1723098590503 13621.736733602114 0
1723098590504 13579.07181957682 0
1723098590505 13535.088908157944 0
1723098590506 13488.344475252166 0
1723098590506 13444.480406048086 0
1723098590507 13400.981352381008 0
1723098590508 13358.72167919242 0
1723098590509 13318.317004774019 0
1723098590509 13277.64190759683 0
1723098590510 13238.858730868822 0
1723098590511 13197.764041878663 0
1723098590512 13159.507580776624 0
1723098590512 13121.65767952713 0
1723098590513 13084.398378852451 0
1723098590514 13046.091012523948 0
1723098590515 13010.99066210793 0
1723098590516 12974.811506605582 0
1723098590516 12940.245208715169 0
1723098590517 12905.999614091406 0
1723098590518 12871.92443066654 0
1723098590519 12837.730902239202 0
1723098590519 12805.041516128616 0
1723098590520 12772.950869484202 0
1723098590521 12741.899363354933 0
1723098590522 12709.29497160587 0
1723098590522 12677.932346306792 0
1723098590523 12646.43399838115 0
1723098590524 12617.512111395285 0
1723098590525 12587.692375114393 0
1723098590525 12559.433739526708 0
1723098590526 12532.044069301875 0
1723098590527 12502.838322272826 0
1723098590528 12475.176829671364 0
1723098590528 12446.952635483663 0
1723098590529 12421.073583324867 0
1723098590530 12393.730119903203 0
1723098590531 12368.4447490728 0
1723098590532 12341.982990341188 0
1723098590533 12317.245663627325 0
1723098590533 12291.594275277512 0
1723098590534 12266.550286821874 0
1723098590535 12242.666740967183 0
1723098590536 12219.719921446214 0
1723098590536 12196.611380745433 0
1723098590537 12173.265697365263 0
