1723098722210 16433.778013135943 0
1723098722211 15338.163812609286 0
1723098722212 14417.676879110824 0
1723098722213 13664.536336959234 0
1723098722214 13029.68309466611 0
1723098722215 12513.028687741578 0
1723098722216 12055.04449373795 0
1723098722217 11656.550269643658 0
1723098722217 11315.745968354484 0
1723098722218 11013.84730333244 0
1723098722219 10777.499630573848 0
1723098722220 10552.99518334901 0
1723098722221 10342.530630587204 0
1723098722222 10173.545519090538 0
1723098722222 10016.047452988068 0
1723098722223 9883.037096578862 0
1723098722224 9772.782821271549 0
1723098722225 9669.440532240355 0
1723098722226 9584.513884225571 0
1723098722227 9500.326119414332 0
1723098722227 9432.06918999054 0
1723098722228 9361.059580138062 0
1723098722229 9306.391345400996 0
1723098722230 9245.346926168684 0
1723098722231 9178.053176706728 0
1723098722232 9119.195673595792 0
1723098722232 9028.690820730926 0
1723098722233 8953.11588075674 0
1723098722234 8898.128984819183 0
1723098722235 8842.77760435521 0
1723098722236 8792.312937367167 0
1723098722236 8758.877792049929 0
1723098722237 8688.31864564328 0
1723098722238 8635.474730811147 0
1723098722239 8581.655701216432 0
1723098722240 8548.02418366886 0
1723098722241 8489.530320659216 0
1723098722242 8454.359270087956 0
1723098722242 8429.43698237458 0
1723098722243 8374.15699765213 0
1723098722244 8336.363152546885 0
1723098722245 8318.514326876491 0
1723098722246 8297.072383073282 0
1723098722247 8247.226565199107 0
1723098722248 8212.140949920555 0
1723098722249 8201.335189970094 0
1723098722250 8181.168440214812 0
1723098722250 8173.374665767758 0
1723098722251 8120.323127177575 0
1723098722252 8088.684553945272 0
1723098722253 8067.615600811492 0
1723098722254 8025.972337136365 0
1723098722255 7991.298619931705 0
1723098722255 7952.131619777342 0
1723098722256 7944.3906736602285 0
1723098722257 7906.176493625343 0
1723098722258 7902.540472860314 0
1723098722259 7874.828816304944 0
1723098722260 7842.390928045348 0
1723098722260 7801.1867103609975 0
1723098722261 7798.392911607166 0
1723098722262 7792.505035081085 0
1723098722263 7747.151761733457 0
1723098722264 7736.6679035206125 0
1723098722265 7710.244999233289 0
1723098722265 7684.303606652243 0
1723098722266 7678.971708441904 0
1723098722267 7647.148647021185 0
1723098722268 7645.458963559486 0
1723098722269 7613.651414927957 0
1723098722269 7585.759458005014 0
1723098722270 7577.947160617678 0
1723098722271 7563.17820058607 0
1723098722272 7544.45303622568 0
1723098722273 7519.444014264959 0
1723098722274 7506.730489004687 0
1723098722274 7501.629623072822 0
1723098722275 7495.668075095241 0
1723098722276 7465.215000524923 0
1723098722277 7461.915381324797 0
1723098722278 7444.670645217328 0
1723098722278 7440.079839202088 0
1723098722279 7438.302506649222 0
1723098722280 7415.342136642181 0
1723098722281 7393.051747787068 0
1723098722282 7387.010454101655 0
1723098722283 7376.947630606666 0
1723098722284 7373.769174711156 0
1723098722285 7367.978695709005 0
1723098722286 7357.43526130859 0
1723098722286 7338.5905275659115 0
1723098722287 7302.099411620254 0
1723098722288 7290.08616872356 0
1723098722289 7267.591782877278 0
1723098722290 7257.626700932559 0
1723098722291 7238.456605887456 0
1723098722291 7211.862353718544 0
1723098722292 7199.490614479669 0
1723098722293 7176.6850437015955 0
1723098722294 7164.417662641722 0
