1723098711561 16543.648323856694 0
1723098711562 15534.438583274554 0
1723098711563 14695.387285495659 0
1723098711564 13991.638770224967 0
1723098711565 13420.254052353985 0
1723098711566 12922.910434963775 0
1723098711567 12511.649782128345 0
1723098711568 12159.262512541402 0
1723098711569 11867.656773785862 0
1723098711570 11591.372344117042 0
1723098711570 11364.029077120647 0
1723098711571 11173.401063235602 0
1723098711572 11003.600172505974 0
1723098711573 10860.888885803683 0
1723098711574 10734.56179492834 0
1723098711574 10629.180495719558 0
1723098711575 10522.09904070959 0
1723098711576 10417.59589001142 0
1723098711577 10339.021679509498 0
1723098711578 10260.834212883092 0
1723098711578 10189.492848846987 0
1723098711579 10129.02158054448 0
1723098711580 10049.957420357403 0
1723098711581 9992.328107660895 0
1723098711582 9945.701771777236 0
1723098711582 9885.551764544747 0
1723098711583 9840.466121487569 0
1723098711584 9792.545178644466 0
1723098711585 9761.788139370294 0
1723098711586 9727.741070201106 0
1723098711587 9703.958080536693 0
1723098711587 9674.496444599605 0
1723098711588 9648.383836835903 0
1723098711589 9621.068832503384 0
1723098711590 9582.296182245871 0
1723098711591 9556.654216818974 0
1723098711591 9523.255295493578 0
1723098711592 9469.456392702756 0
1723098711593 9446.033674018563 0
1723098711594 9410.359116555057 0
1723098711595 9392.285134828957 0
1723098711595 9365.753774121604 0
1723098711596 9344.87317572537 0
1723098711597 9331.19175320286 0
1723098711598 9313.071585861207 0
1723098711599 9295.88157417166 0
1723098711600 9281.315328676696 0
1723098711600 9273.580294808344 0
1723098711601 9262.924317004612 0
1723098711602 9246.289672216883 0
1723098711603 9223.121102846455 0
1723098711604 9210.552564748063 0
1723098711604 9199.476785342158 0
1723098711605 9188.266373203945 0
1723098711606 9182.446062388768 0
1723098711607 9163.648986067341 0
1723098711608 9152.955832053987 0
1723098711608 9141.786587790952 0
1723098711609 9132.058085735109 0
1723098711610 9117.394239214123 0
1723098711611 9105.973301130067 0
1723098711612 9093.815451952205 0
1723098711612 9059.559620558231 0
1723098711613 9043.11280376581 0
1723098711614 9031.063815956786 0
1723098711615 9005.210376144982 0
1723098711616 8992.456284168471 0
1723098711617 8944.033463971924 0
1723098711617 8922.265322949897 0
1723098711618 8898.105282931227 0
1723098711619 8886.986949960108 0
1723098711620 8856.958108919109 0
1723098711621 8835.411478976554 0
1723098711621 8829.70899068195 0
1723098711622 8813.765267648707 0
1723098711623 8792.57709402878 0
1723098711624 8758.533739595754 0
1723098711625 8740.78075600325 0
1723098711625 8721.957734913514 0
1723098711626 8693.578547012808 0
1723098711627 8689.67683584297 0
1723098711628 8670.709077574971 0
1723098711629 8667.433767780829 0
1723098711629 8631.335057180497 0
1723098711630 8628.002386297305 0
1723098711631 8611.675139941975 0
1723098711632 8584.606597229798 0
1723098711633 8565.860638991233 0
1723098711634 8549.144676287919 0
1723098711635 8532.848115732406 0
1723098711636 8515.729439563154 0
1723098711637 8513.448948472469 0
1723098711637 8506.225651392027 0
1723098711638 8504.17964019605 0
1723098711639 8496.337851674105 0
1723098711640 8477.613642782446 0
1723098711641 8456.878236924471 0
1723098711641 8437.83477698641 0
1723098711642 8420.680172442148 0
1723098711643 8403.163818766712 0
