1723098597281 17655.52580106547 0
1723098597282 17543.723631988203 0
1723098597283 17438.17909412196 0
1723098597283 17332.096613555605 0
1723098597285 17226.395899929503 0
1723098597286 17124.321177191592 0
1723098597286 17026.67155060644 0
1723098597287 16924.845586108135 0
1723098597288 16822.38989193733 0
1723098597289 16732.81005528325 0
1723098597289 16636.10555474463 0
1723098597290 16545.580180455006 0
1723098597291 16463.153049049728 0
1723098597292 16374.152247575686 0
1723098597292 16284.845762262894 0
1723098597293 16194.561799664418 0
1723098597294 16108.637118971343 0
1723098597295 16028.915499546045 0
1723098597296 15949.629754488544 0
1723098597296 15869.064056944168 0
1723098597297 15791.821910733883 0
1723098597298 15714.90538830594 0
1723098597299 15636.925174715103 0
1723098597299 15559.5475993658 0
1723098597300 15483.214978427446 0
1723098597301 15407.60063568268 0
1723098597302 15333.7198941729 0
1723098597302 15261.137693225513 0
1723098597303 15186.501940940396 0
1723098597304 15115.248811591759 0
1723098597305 15045.742300333082 0
1723098597306 14980.390913871413 0
1723098597306 14913.275627666995 0
1723098597307 14849.64422875293 0
1723098597308 14787.513408965184 0
1723098597309 14725.685498272052 0
1723098597310 14663.399967265406 0
1723098597310 14612.056321041548 0
1723098597311 14553.267292372786 0
1723098597312 14493.48383290753 0
1723098597313 14434.532916224749 0
1723098597313 14380.170314432205 0
1723098597314 14323.892727819879 0
1723098597315 14269.057474544466 0
1723098597316 14214.541230476774 0
1723098597316 14162.470380071454 0
1723098597317 14109.177233400971 0
1723098597318 14057.406615708827 0
1723098597319 14011.27454528394 0
1723098597319 13961.461015593839 0
1723098597320 13916.276474900009 0
1723098597321 13869.334656471905 0
1723098597322 13824.639007325168 0
1723098597322 13781.704740766789 0
1723098597323 13735.392829920738 0
1723098597324 13690.182384186919 0
1723098597325 13644.964025527222 0
1723098597325 13603.60030473123 0
1723098597326 13559.758513722867 0
1723098597327 13516.442664817152 0
1723098597328 13477.42779193538 0
1723098597328 13436.618383672192 0
1723098597329 13398.185607652094 0
1723098597330 13355.394847084473 0
1723098597331 13316.666933783394 0
1723098597331 13276.191778458126 0
1723098597332 13237.430876179362 0
1723098597333 13200.1704214879 0
1723098597334 13166.213102337215 0
1723098597334 13129.659821902105 0
1723098597335 13092.416210017107 0
1723098597336 13056.082952510824 0
1723098597337 13025.292123544174 0
1723098597337 12989.589328061807 0
1723098597338 12957.249763155487 0
1723098597339 12923.771551878195 0
1723098597340 12890.852759113219 0
1723098597340 12857.291658734972 0
1723098597341 12821.101869556709 0
1723098597342 12788.469518383006 0
1723098597343 12756.838901116049 0
1723098597344 12725.615144983352 0
1723098597344 12695.66761885255 0
1723098597345 12664.297233394245 0
1723098597346 12635.668740246754 0
1723098597347 12606.1550596073 0
1723098597347 12579.056852910378 0
1723098597348 12550.887166128488 0
1723098597349 12523.36411781104 0
1723098597350 12496.392077543545 0
1723098597350 12468.439554895262 0
1723098597351 12441.870701212581 0
1723098597352 12416.545513451554 0
1723098597353 12390.561511800832 0
1723098597354 12365.015687353543 0
1723098597355 12338.302807034966 0
1723098597355 12313.504859206767 0
1723098597356 12289.874279204358 0
1723098597357 12266.925707873856 0
1723098597358 12242.503883694648 0
