1723098726007 16439.857033334698 0
1723098726008 15335.273271967098 0
1723098726009 14406.475147588602 0
1723098726010 13655.468782647285 0
1723098726011 13036.8504783054 0
1723098726012 12505.481178860819 0
1723098726014 12045.417321101802 0
1723098726015 11660.237249879241 0
1723098726016 11322.21075667895 0
1723098726017 11030.235519275822 0
1723098726019 10777.784273016194 0
1723098726020 10554.961034932765 0
1723098726020 10380.176257438396 0
1723098726021 10198.781719801 0
1723098726022 10064.492135193083 0
1723098726023 9927.054454847324 0
1723098726024 9815.724058693626 0
1723098726024 9713.749955776855 0
1723098726025 9617.319386918705 0
1723098726026 9512.263429778524 0
1723098726027 9420.325561666505 0
1723098726028 9345.016826182678 0
1723098726029 9273.639432423914 0
1723098726029 9216.714363782465 0
1723098726030 9146.923736046707 0
1723098726031 9089.047262038655 0
1723098726032 9023.493339734696 0
1723098726033 8974.392908167161 0
1723098726033 8900.593779658711 0
1723098726034 8854.0496651976 0
1723098726035 8785.211891252213 0
1723098726036 8726.188886456779 0
1723098726037 8693.325651503998 0
1723098726038 8627.719625076095 0
1723098726038 8591.022200201975 0
1723098726039 8564.494057909023 0
1723098726040 8522.022140968584 0
1723098726041 8476.557226335126 0
1723098726042 8446.430074681124 0
1723098726043 8413.78859064956 0
1723098726043 8369.272632975393 0
1723098726044 8323.348777687066 0
1723098726045 8282.606742759936 0
1723098726046 8260.502913644776 0
1723098726047 8220.740750579122 0
1723098726048 8204.595857418075 0
1723098726048 8197.625546323769 0
1723098726049 8184.98193793308 0
1723098726050 8143.373927000253 0
1723098726051 8125.355883085856 0
1723098726052 8107.3539760027215 0
1723098726052 8103.333440406961 0
1723098726053 8085.388811708107 0
1723098726054 8070.263912905859 0
1723098726055 8041.028940233873 0
1723098726056 8023.1910216621945 0
1723098726057 8014.767974395429 0
1723098726057 8009.648570727451 0
1723098726058 7997.25650884877 0
1723098726059 7993.634150319074 0
1723098726060 7966.002245408595 0
1723098726061 7929.559543548451 0
1723098726062 7902.570479084693 0
1723098726062 7893.211725756152 0
1723098726063 7872.69381410176 0
1723098726064 7862.00311790872 0
1723098726065 7820.020067223312 0
1723098726066 7770.893434806694 0
1723098726067 7749.076201775659 0
1723098726067 7739.98617836444 0
1723098726068 7730.612740101056 0
1723098726069 7721.706806291265 0
1723098726070 7714.87221006237 0
1723098726071 7710.654256853738 0
1723098726072 7670.293948485868 0
1723098726073 7666.255448469965 0
1723098726074 7663.602596088417 0
1723098726074 7657.946764623951 0
1723098726075 7652.139238636703 0
1723098726076 7631.119453773681 0
1723098726077 7613.112359386042 0
1723098726078 7575.656928165305 0
1723098726079 7553.257439883777 0
1723098726080 7537.516083260803 0
1723098726081 7509.536937898098 0
1723098726082 7490.682164232531 0
1723098726082 7483.087467134112 0
1723098726083 7457.870076837184 0
1723098726084 7443.838258395878 0
1723098726085 7414.4160863886555 0
1723098726086 7407.00942081953 0
1723098726086 7394.314602582804 0
1723098726087 7370.251619882467 0
1723098726088 7350.7401572688495 0
1723098726089 7323.226479456365 0
1723098726090 7285.727122785096 0
1723098726091 7260.731156626262 0
1723098726092 7241.531127543742 0
1723098726092 7196.735829748821 0
1723098726093 7186.301242347737 0
