1723098587233 17652.32511032005 0
1723098587234 17537.573630115494 0
1723098587235 17425.10570436701 0
1723098587235 17314.875890340918 0
1723098587237 17207.292224017965 0
1723098587237 17101.37481324981 0
1723098587238 16997.53140377202 0
1723098587239 16895.751243795257 0
1723098587240 16796.35510201271 0
1723098587240 16698.526726968816 0
1723098587241 16602.98971917137 0
1723098587242 16508.90228237969 0
1723098587243 16416.653437734134 0
1723098587243 16326.302427789493 0
1723098587244 16237.560641843778 0
1723098587245 16150.252225971462 0
1723098587246 16065.209963752528 0
1723098587246 15981.16069346855 0
1723098587247 15898.783225185593 0
1723098587248 15818.250849360296 0
1723098587249 15738.981029504203 0
1723098587249 15660.089963523309 0
1723098587250 15579.17515693458 0
1723098587251 15504.419148029201 0
1723098587252 15426.396645935583 0
1723098587252 15352.953946451367 0
1723098587253 15277.7124089997 0
1723098587254 15202.765525745894 0
1723098587255 15134.388263530978 0
1723098587255 15063.141980050235 0
1723098587256 14996.08136353102 0
1723098587257 14927.40824407622 0
1723098587258 14862.215092353861 0
1723098587258 14794.93620508371 0
1723098587259 14730.0471499909 0
1723098587260 14668.721518954535 0
1723098587261 14606.13051974965 0
1723098587261 14547.774439553206 0
1723098587262 14486.348119234226 0
1723098587263 14428.849181763413 0
1723098587264 14370.562734369167 0
1723098587265 14315.200325394855 0
1723098587265 14258.022204930143 0
1723098587266 14204.439965569041 0
1723098587267 14146.09835896409 0
1723098587268 14090.813518699835 0
1723098587268 14036.625039640876 0
1723098587269 13983.510929426044 0
1723098587270 13931.013085200062 0
1723098587271 13879.959975958473 0
1723098587271 13829.915357807251 0
1723098587272 13780.421487208108 0
1723098587273 13732.315219492984 0
1723098587274 13684.35821727427 0
1723098587274 13636.023488946592 0
1723098587275 13590.581718156493 0
1723098587276 13545.559155480885 0
1723098587277 13499.772559137675 0
1723098587277 13455.963369371824 0
1723098587278 13411.512762441984 0
1723098587279 13370.121763850544 0
1723098587280 13329.058709126224 0
1723098587280 13286.944079451398 0
1723098587281 13246.026592979577 0
1723098587282 13207.43627963468 0
1723098587283 13167.525396984727 0
1723098587283 13129.820793061814 0
1723098587284 13091.57526667443 0
1723098587285 13054.572462546883 0
1723098587286 13017.461466120103 0
1723098587286 12981.952106035606 0
1723098587287 12947.301158130394 0
1723098587288 12912.162896806685 0
1723098587289 12878.726957877265 0
1723098587289 12844.576892960555 0
1723098587290 12811.789390020584 0
1723098587291 12779.870530340162 0
1723098587292 12746.924963592055 0
1723098587292 12716.114929823183 0
1723098587293 12684.303827252428 0
1723098587294 12654.432526919987 0
1723098587295 12623.715478515722 0
1723098587296 12594.611779451832 0
1723098587296 12565.757177219062 0
1723098587297 12536.503679789865 0
1723098587298 12509.016814906436 0
1723098587298 12480.754219182543 0
1723098587299 12453.873149033272 0
1723098587300 12427.59438681442 0
1723098587301 12400.65846864915 0
1723098587301 12374.576290988287 0
1723098587302 12349.480081365355 0
1723098587303 12323.800523500113 0
1723098587304 12299.167078560917 0
1723098587305 12275.124510590138 0
1723098587306 12250.69649098283 0
1723098587306 12226.959791440127 0
1723098587307 12203.19556758282 0
1723098587308 12181.388181816545 0
1723098587309 12158.327291509046 0
