1723098625500 17630.118894928266 0
1723098625501 17493.821712659254 0
1723098625502 17366.15323330294 0
1723098625503 17240.912666057186 0
1723098625504 17112.355360123554 0
1723098625505 16988.437299983143 0
1723098625506 16864.99878166028 0
1723098625506 16743.13160378035 0
1723098625507 16623.252488019672 0
1723098625508 16507.518489182792 0
1723098625509 16391.126970477795 0
1723098625509 16276.639323351992 0
1723098625510 16165.708862015608 0
1723098625511 16057.310395656881 0
1723098625512 15950.119829793746 0
1723098625513 15847.244082258134 0
1723098625513 15741.934421661495 0
1723098625514 15640.48636496665 0
1723098625515 15537.624789259564 0
1723098625516 15440.134797435418 0
1723098625516 15343.616710645292 0
1723098625517 15249.610289532804 0
1723098625518 15154.274478772657 0
1723098625519 15064.039312749492 0
1723098625520 14978.591239268553 0
1723098625520 14888.184427531762 0
1723098625521 14803.80064671935 0
1723098625522 14717.671271632862 0
1723098625523 14637.897359927278 0
1723098625523 14556.289602363755 0
1723098625524 14475.794700781695 0
1723098625525 14397.206707414865 0
1723098625526 14315.068032832089 0
1723098625526 14236.51597887449 0
1723098625527 14159.617170309286 0
1723098625528 14085.75910113032 0
1723098625529 14014.530121675241 0
1723098625530 13939.941165752203 0
1723098625530 13867.529423285601 0
1723098625531 13795.605365320145 0
1723098625532 13727.35186364231 0
1723098625533 13660.65213729611 0
1723098625534 13593.542146542974 0
1723098625534 13532.068218819344 0
1723098625535 13465.324835063951 0
1723098625536 13401.116477995189 0
1723098625537 13340.069114749605 0
1723098625537 13281.361425697029 0
1723098625538 13220.383313184791 0
1723098625539 13163.058338714854 0
1723098625540 13107.526549257078 0
1723098625540 13052.039006420538 0
1723098625541 12997.938176497955 0
1723098625542 12941.6849186581 0
1723098625543 12889.287885712321 0
1723098625544 12837.464462568161 0
1723098625544 12785.158174125705 0
1723098625545 12733.254778030096 0
1723098625546 12677.656014949414 0
1723098625547 12627.929855674714 0
1723098625547 12579.637418855757 0
1723098625548 12531.641470002214 0
1723098625549 12485.75295986354 0
1723098625550 12440.928867200446 0
1723098625551 12395.757218826619 0
1723098625551 12352.93735895105 0
1723098625552 12309.552678210619 0
1723098625553 12266.695138379902 0
1723098625554 12222.467766683902 0
1723098625554 12178.79323696752 0
1723098625555 12136.99689618973 0
1723098625556 12097.329751282654 0
1723098625557 12057.692257393423 0
1723098625558 12019.20836925371 0
1723098625558 11980.105591856895 0
1723098625559 11941.80489768563 0
1723098625560 11903.810701293105 0
1723098625561 11867.687480884702 0
1723098625561 11832.17968062531 0
1723098625562 11796.56252113288 0
1723098625563 11761.291630373868 0
1723098625564 11725.485806809214 0
1723098625565 11691.277437092234 0
1723098625565 11657.260000265662 0
1723098625566 11623.152534229317 0
1723098625567 11589.942200215508 0
1723098625568 11556.913983215769 0
1723098625569 11523.225987962755 0
1723098625569 11491.59789345338 0
1723098625570 11460.22676210918 0
1723098625571 11428.616593246212 0
1723098625572 11398.778440422899 0
1723098625573 11369.792808114982 0
1723098625574 11340.840146847568 0
1723098625574 11311.663766537691 0
1723098625575 11282.70561898203 0
1723098625576 11255.76804470018 0
1723098625577 11226.275383428336 0
1723098625578 11201.431796218605 0
1723098625578 11174.671023407214 0
