1723098718135 16591.49234196835 0
1723098718136 15590.738779362911 0
1723098718137 14772.057935361552 0
1723098718138 14085.501881475822 0
1723098718139 13502.32566590046 0
1723098718140 13044.214064064377 0
1723098718141 12594.665839622638 0
1723098718142 12209.89746767519 0
1723098718142 11927.81880743683 0
1723098718143 11659.49136938277 0
1723098718144 11460.298503660239 0
1723098718145 11246.63774492244 0
1723098718146 11074.777905197328 0
1723098718146 10924.03314593274 0
1723098718147 10786.38064535837 0
1723098718148 10673.436820692228 0
1723098718149 10564.676269404066 0
1723098718150 10478.361212592577 0
1723098718151 10398.9347963707 0
1723098718151 10325.995042263112 0
1723098718152 10261.586850461823 0
1723098718153 10201.400445994535 0
1723098718154 10153.692573527042 0
1723098718155 10107.901152252876 0
1723098718156 10054.8842684922 0
1723098718156 9991.201838668356 0
1723098718157 9958.110794126085 0
1723098718158 9925.817099229705 0
1723098718159 9867.37717414457 0
1723098718160 9826.773607825608 0
1723098718160 9799.084922633218 0
1723098718161 9770.085795680978 0
1723098718162 9752.304053212667 0
1723098718163 9708.65659561108 0
1723098718164 9673.981950823638 0
1723098718165 9642.849755671123 0
1723098718165 9623.69190985298 0
1723098718166 9594.366470831028 0
1723098718167 9571.303363231298 0
1723098718168 9543.228116987239 0
1723098718169 9515.299036083192 0
1723098718169 9489.46266077615 0
1723098718170 9477.228720228683 0
1723098718171 9465.57491163444 0
1723098718172 9449.238568985358 0
1723098718173 9438.55718217811 0
1723098718174 9393.547169716234 0
1723098718174 9375.592755452299 0
1723098718175 9363.479748665699 0
1723098718176 9355.980587349084 0
1723098718177 9344.386139468004 0
1723098718178 9329.020468256753 0
1723098718179 9303.278558048372 0
1723098718179 9292.217659246036 0
1723098718180 9274.381764322685 0
1723098718181 9264.365796754759 0
1723098718182 9250.940650394057 0
1723098718183 9243.200351851663 0
1723098718184 9234.911832750022 0
1723098718184 9221.02614366585 0
1723098718185 9183.351264170986 0
1723098718186 9173.151847221861 0
1723098718187 9145.226388941837 0
1723098718188 9115.071492517904 0
1723098718188 9104.463667484664 0
1723098718189 9096.131423270877 0
1723098718190 9086.376370972845 0
1723098718191 9076.35939684083 0
1723098718192 9070.988393752163 0
1723098718193 9052.614040034976 0
1723098718193 9046.171300092557 0
1723098718194 9014.07670794282 0
1723098718195 9007.746700417913 0
1723098718196 8984.336431136588 0
1723098718197 8952.505961257535 0
1723098718198 8937.825572874382 0
1723098718198 8930.979147637174 0
1723098718199 8926.772945687395 0
1723098718200 8922.078449102815 0
1723098718201 8915.675568048342 0
1723098718202 8911.99933028702 0
1723098718202 8894.58440770799 0
1723098718203 8869.086918222732 0
1723098718204 8862.394479126368 0
1723098718205 8854.991817715902 0
1723098718206 8845.542408102538 0
1723098718207 8835.676685880679 0
1723098718208 8816.436787190829 0
1723098718209 8797.72644139037 0
1723098718210 8764.62081493229 0
1723098718210 8753.680461813825 0
1723098718211 8745.328675465053 0
1723098718212 8735.59729647308 0
1723098718213 8731.1945867771 0
1723098718214 8710.87056153573 0
1723098718215 8697.804256493439 0
1723098718215 8676.489465761653 0
1723098718216 8672.202749781723 0
1723098718217 8666.824348006745 0
1723098718218 8645.890612418367 0
