1723098714884 16539.003795245313 0
1723098714885 15553.414703680439 0
1723098714886 14678.448032907305 0
1723098714887 13981.439092340892 0
1723098714889 13419.38545765571 0
1723098714889 12929.957840312538 0
1723098714890 12513.805895651429 0
1723098714891 12170.40073658803 0
1723098714892 11885.252191265612 0
1723098714893 11618.006945708243 0
1723098714893 11383.22203999863 0
1723098714894 11181.071507566649 0
1723098714895 11013.775829887178 0
1723098714896 10873.520836956113 0
1723098714897 10753.902439278241 0
1723098714898 10642.822323178696 0
1723098714898 10543.973064240123 0
1723098714899 10457.79272625222 0
1723098714900 10381.906903123296 0
1723098714901 10286.315306798235 0
1723098714902 10218.917110085658 0
1723098714902 10153.54059412453 0
1723098714903 10076.473084328483 0
1723098714904 10011.95683329099 0
1723098714905 9972.729039250013 0
1723098714906 9930.78199145491 0
1723098714906 9878.087598604527 0
1723098714907 9831.558748235491 0
1723098714908 9788.962382316839 0
1723098714909 9738.257918593003 0
1723098714910 9712.440843931174 0
1723098714911 9674.897037004634 0
1723098714911 9642.063711003826 0
1723098714912 9601.493684458257 0
1723098714913 9560.323683647666 0
1723098714914 9531.437897054533 0
1723098714915 9511.782074005085 0
1723098714916 9491.411553594162 0
1723098714916 9462.464566461913 0
1723098714917 9429.452162662317 0
1723098714918 9414.957306708195 0
1723098714919 9398.50475702811 0
1723098714920 9374.461387347019 0
1723098714920 9355.162151921837 0
1723098714921 9337.595976199978 0
1723098714922 9332.939022127473 0
1723098714923 9309.814639387574 0
1723098714924 9300.893643524774 0
1723098714924 9296.62459532135 0
1723098714925 9287.326593221876 0
1723098714926 9275.127532083114 0
1723098714927 9269.260867959816 0
1723098714928 9265.986635320904 0
1723098714929 9256.6600918559 0
1723098714929 9240.500006302307 0
1723098714930 9221.227816095297 0
1723098714931 9196.34087644476 0
1723098714932 9193.789010225046 0
1723098714933 9187.050252594096 0
1723098714933 9160.507410835557 0
1723098714934 9147.47311734265 0
1723098714935 9142.070071547249 0
1723098714936 9115.363243928343 0
1723098714937 9103.40551825836 0
1723098714938 9090.572438816715 0
1723098714938 9068.860478944252 0
1723098714939 9058.433870844581 0
1723098714940 9044.75749463173 0
1723098714941 9034.206008864467 0
1723098714942 9019.482639354037 0
1723098714942 8999.695580241536 0
1723098714943 8995.2792358804 0
1723098714944 8988.219856436825 0
1723098714945 8961.202442617998 0
1723098714946 8940.475381870434 0
1723098714946 8929.649999383402 0
1723098714947 8897.996909886217 0
1723098714948 8881.77420770055 0
1723098714949 8858.70592330975 0
1723098714950 8846.395096103372 0
1723098714951 8822.792682089002 0
1723098714951 8807.768157807992 0
1723098714952 8796.22712835386 0
1723098714953 8774.45961187539 0
1723098714954 8765.17640378744 0
1723098714955 8747.622082942216 0
1723098714956 8742.237879047909 0
1723098714957 8731.6705949997 0
1723098714958 8710.9124172152 0
1723098714959 8705.651213855492 0
1723098714959 8702.255422842409 0
1723098714960 8693.700956087498 0
1723098714961 8674.283427068143 0
1723098714962 8654.962867526532 0
1723098714963 8626.654776309995 0
1723098714964 8622.25057115822 0
1723098714964 8613.262992824437 0
1723098714965 8601.534408154557 0
1723098714966 8591.80629518624 0
1723098714967 8589.656272366221 0
