1723098682095 16811.49149399983 0
1723098682095 16001.116215036915 0
1723098682097 15325.715723034491 0
1723098682097 14703.22713957681 0
1723098682099 14197.077419381852 0
1723098682099 13782.866513698691 0
1723098682100 13426.580215584218 0
1723098682101 13124.464419382364 0
1723098682102 12875.642656593422 0
1723098682103 12644.514224675693 0
1723098682104 12435.006838660698 0
1723098682104 12276.859381793414 0
1723098682105 12122.120486306429 0
1723098682106 11985.42772370802 0
1723098682107 11862.23421710093 0
1723098682108 11762.343131209851 0
1723098682108 11669.742629327562 0
1723098682109 11582.03468487332 0
1723098682110 11489.877130531979 0
1723098682111 11422.668510169202 0
1723098682112 11357.652106765701 0
1723098682112 11302.735595789132 0
1723098682113 11249.37946553505 0
1723098682114 11190.851162722045 0
1723098682115 11138.003182176828 0
1723098682116 11096.120974442221 0
1723098682116 11052.941902016037 0
1723098682117 11028.13172337949 0
1723098682118 10992.18028094976 0
1723098682119 10963.50738057484 0
1723098682120 10933.027894024954 0
1723098682120 10906.400328873016 0
1723098682121 10884.3638798373 0
1723098682122 10865.069542969246 0
1723098682123 10840.950100997161 0
1723098682124 10823.928837769301 0
1723098682124 10795.877481912516 0
1723098682125 10769.597106539106 0
1723098682126 10750.405402448436 0
1723098682127 10734.483697880163 0
1723098682128 10721.454478067712 0
1723098682128 10712.744917048056 0
1723098682129 10701.624998694255 0
1723098682130 10690.603041034174 0
1723098682131 10682.899875959212 0
1723098682132 10671.418424068308 0
1723098682133 10657.53119830583 0
1723098682134 10649.08222826618 0
1723098682134 10639.830711190509 0
1723098682135 10633.270757030456 0
1723098682136 10627.187979130424 0
1723098682137 10618.749633342242 0
1723098682138 10607.752742302813 0
1723098682138 10600.245856535776 0
1723098682139 10594.975300524638 0
1723098682140 10579.375445551605 0
1723098682141 10571.761734590938 0
1723098682142 10568.912056996749 0
1723098682142 10551.20286454598 0
1723098682143 10537.66321883612 0
1723098682144 10535.228349071383 0
1723098682145 10530.566829973824 0
1723098682146 10526.283488335619 0
1723098682146 10521.403454238414 0
1723098682147 10515.51525470559 0
1723098682148 10513.48350194174 0
1723098682149 10509.313175530799 0
1723098682149 10501.372162282874 0
1723098682150 10493.142293649593 0
1723098682151 10486.512206563952 0
1723098682152 10479.502202502103 0
1723098682153 10465.466761651485 0
1723098682153 10452.816657025955 0
1723098682154 10450.182272262913 0
1723098682155 10445.799723630316 0
1723098682156 10435.51112074259 0
1723098682157 10434.32511310339 0
1723098682157 10428.310336258144 0
1723098682158 10414.355141979457 0
1723098682159 10406.780655773791 0
1723098682160 10405.051393848915 0
1723098682161 10398.10476263735 0
1723098682161 10391.157923858567 0
1723098682162 10385.639675727318 0
1723098682163 10374.327302808279 0
1723098682164 10359.056144544751 0
1723098682165 10352.213676016101 0
1723098682166 10342.261966963204 0
1723098682167 10333.345457718378 0
1723098682168 10327.34027967939 0
1723098682169 10321.986616278822 0
1723098682169 10319.956821174148 0
1723098682170 10310.220631426773 0
1723098682171 10307.280785965402 0
1723098682172 10301.889930743127 0
1723098682173 10300.369866222709 0
1723098682173 10289.887223237945 0
1723098682174 10280.244569887456 0
1723098682175 10276.51367324758 0
1723098682176 10275.928811306823 0
