1723098615002 17629.01379354494 0
1723098615003 17490.94055092542 0
1723098615004 17355.614409146518 0
1723098615004 17223.810721812697 0
1723098615006 17093.754922867087 0
1723098615006 16966.847483247086 0
1723098615007 16841.550295677775 0
1723098615008 16719.498757188783 0
1723098615009 16598.843071136213 0
1723098615010 16480.584675990067 0
1723098615011 16365.783540008268 0
1723098615011 16252.192834704401 0
1723098615012 16141.88244417423 0
1723098615013 16032.616915509512 0
1723098615014 15925.535714097916 0
1723098615014 15821.417178354268 0
1723098615015 15718.269259825138 0
1723098615016 15617.150083572811 0
1723098615017 15516.48264911146 0
1723098615017 15419.207434192873 0
1723098615018 15322.408971737932 0
1723098615019 15228.814906662168 0
1723098615020 15135.572408242162 0
1723098615020 15045.598019085981 0
1723098615021 14955.845896880832 0
1723098615022 14869.389422161565 0
1723098615023 14783.028817639659 0
1723098615024 14699.801478101348 0
1723098615024 14618.41897628624 0
1723098615025 14536.750152678942 0
1723098615026 14458.37965315933 0
1723098615027 14381.374271200411 0
1723098615027 14304.14929084237 0
1723098615028 14230.265611634797 0
1723098615029 14155.700735329374 0
1723098615030 14082.445933479657 0
1723098615030 14008.055088100073 0
1723098615031 13934.802207603938 0
1723098615032 13862.940248638744 0
1723098615033 13792.824805381453 0
1723098615034 13727.8598440289 0
1723098615034 13659.753259543622 0
1723098615035 13592.599114920215 0
1723098615036 13526.547268751967 0
1723098615037 13462.713863566843 0
1723098615038 13398.565783060742 0
1723098615039 13336.422290496208 0
1723098615039 13275.290323326604 0
1723098615040 13215.013950175739 0
1723098615041 13156.048075708997 0
1723098615042 13098.278035744232 0
1723098615043 13042.17390999817 0
1723098615044 12986.40231447409 0
1723098615045 12931.473064056048 0
1723098615045 12878.498160039893 0
1723098615046 12823.790807569989 0
1723098615047 12771.978032092244 0
1723098615048 12721.025003559791 0
1723098615048 12671.806728230087 0
1723098615049 12623.624778313519 0
1723098615050 12574.548716844794 0
1723098615051 12526.225917353624 0
1723098615051 12480.019152836274 0
1723098615052 12433.662039611023 0
1723098615053 12386.272611838036 0
1723098615054 12340.23034252159 0
1723098615054 12297.179085315289 0
1723098615055 12254.315020250995 0
1723098615056 12211.791161301233 0
1723098615057 12171.678376483249 0
1723098615058 12131.316336509435 0
1723098615058 12089.393364844307 0
1723098615059 12047.520908934452 0
1723098615060 12008.79945765889 0
1723098615061 11967.703120311682 0
1723098615061 11927.264851022164 0
1723098615062 11888.249597045116 0
1723098615063 11851.171244567338 0
1723098615064 11814.471626933482 0
1723098615064 11778.152010398946 0
1723098615065 11742.117004580763 0
1723098615066 11706.666535359154 0
1723098615067 11671.876847601168 0
1723098615068 11638.566695441734 0
1723098615068 11604.443624693595 0
1723098615069 11569.955695639228 0
1723098615070 11537.68181135425 0
1723098615071 11505.667643611547 0
1723098615072 11472.093146192288 0
1723098615073 11440.096880292554 0
1723098615074 11407.996016549578 0
1723098615075 11377.600442745683 0
1723098615075 11346.231099663564 0
1723098615076 11315.35864727608 0
1723098615077 11286.073517251847 0
1723098615078 11253.807482198745 0
1723098615079 11225.269393596385 0
1723098615079 11196.611333817378 0
1723098615080 11168.742414606473 0
1723098615081 11139.382163798855 0
