1723098707872 16539.157959795735 0
1723098707873 15534.964929363743 0
1723098707874 14693.058220609817 0
1723098707875 13978.652871909337 0
1723098707876 13379.770436268409 0
1723098707877 12883.301425877164 0
1723098707878 12477.970069600093 0
1723098707879 12138.351490073675 0
1723098707880 11829.236962351164 0
1723098707880 11562.5068059704 0
1723098707881 11325.185106212992 0
1723098707882 11128.57813997402 0
1723098707883 10962.640512881748 0
1723098707884 10818.043906107385 0
1723098707885 10692.149806271034 0
1723098707885 10569.071903929953 0
1723098707886 10470.169902291758 0
1723098707887 10384.080081615934 0
1723098707888 10306.214084835769 0
1723098707889 10228.785075031079 0
1723098707889 10162.872452777574 0
1723098707890 10104.413314868194 0
1723098707891 10044.781952795056 0
1723098707892 9996.733990809169 0
1723098707893 9947.43930794322 0
1723098707893 9900.942634952245 0
1723098707894 9864.93731008441 0
1723098707895 9828.176090076366 0
1723098707896 9786.99447372301 0
1723098707897 9752.584100832742 0
1723098707897 9702.18824882793 0
1723098707898 9661.8161823676 0
1723098707899 9605.090940855476 0
1723098707900 9575.74628164533 0
1723098707901 9545.962370937968 0
1723098707902 9519.59417533362 0
1723098707902 9489.295365666136 0
1723098707903 9467.153834498033 0
1723098707904 9447.330872549548 0
1723098707905 9394.546181525086 0
1723098707906 9373.50381600192 0
1723098707907 9353.897138142449 0
1723098707907 9342.833832777967 0
1723098707908 9328.230922863297 0
1723098707909 9319.205835807388 0
1723098707910 9273.73851446705 0
1723098707911 9249.737744996477 0
1723098707912 9237.986032449457 0
1723098707912 9230.228065171095 0
1723098707913 9197.219723812299 0
1723098707914 9189.233054203021 0
1723098707915 9171.876828112665 0
1723098707916 9166.000367654276 0
1723098707916 9145.815032095054 0
1723098707917 9130.618522228446 0
1723098707918 9106.500928589141 0
1723098707919 9088.41095922518 0
1723098707920 9082.57566812885 0
1723098707920 9069.435409984706 0
1723098707921 9055.673757994971 0
1723098707922 9045.880842858602 0
1723098707923 9038.774887628262 0
1723098707924 9036.724603565612 0
1723098707925 9020.465064185673 0
1723098707925 9007.508330234245 0
1723098707926 8986.36086096876 0
1723098707927 8969.842385355412 0
1723098707928 8959.570871444304 0
1723098707929 8950.68016424862 0
1723098707929 8942.301005888396 0
1723098707930 8915.712100922268 0
1723098707931 8903.416148353352 0
1723098707932 8894.158590136332 0
1723098707933 8883.066292251118 0
1723098707933 8856.366161487807 0
1723098707934 8838.132572859548 0
1723098707935 8810.995768483592 0
1723098707936 8776.320172378015 0
1723098707937 8751.269686172422 0
1723098707938 8740.28317285524 0
1723098707938 8736.754704919307 0
1723098707939 8724.87429812494 0
1723098707940 8699.284965746625 0
1723098707941 8673.92038073394 0
1723098707942 8669.883280088214 0
1723098707942 8663.277973332231 0
1723098707943 8655.07735193985 0
1723098707944 8634.984784528124 0
1723098707945 8628.107958168857 0
1723098707946 8621.116111148434 0
1723098707947 8600.106703003892 0
1723098707948 8583.085489019593 0
1723098707949 8577.505348451461 0
1723098707949 8568.247121679504 0
1723098707950 8541.580535061506 0
1723098707951 8525.144014924223 0
1723098707952 8514.009234639232 0
1723098707953 8498.106633934894 0
1723098707953 8480.20033821222 0
1723098707954 8471.378847556649 0
