1723098657599 17141.376514317537 0
1723098657600 16563.961946765983 0
1723098657602 16042.888648289161 0
1723098657603 15572.516759783624 0
1723098657604 15140.473314188332 0
1723098657605 14743.792560068574 0
1723098657606 14366.317974458665 0
1723098657608 14040.835934083683 0
1723098657609 13730.710987101695 0
1723098657610 13440.85448706859 0
1723098657611 13184.472277228018 0
1723098657613 12945.56390391812 0
1723098657614 12714.38000945963 0
1723098657615 12513.557681126691 0
1723098657616 12331.82940888628 0
1723098657617 12160.455226037884 0
1723098657619 11990.249661067954 0
1723098657620 11842.88498708336 0
1723098657621 11706.92053776991 0
1723098657622 11586.655759322572 0
1723098657624 11466.886013964262 0
1723098657625 11359.413148083007 0
1723098657626 11250.873403724558 0
1723098657627 11159.422494175315 0
1723098657628 11071.142184697565 0
1723098657630 10992.678086525768 0
1723098657631 10922.073734932195 0
1723098657632 10850.853708409815 0
1723098657633 10786.852336702836 0
1723098657635 10716.860700635847 0
1723098657636 10661.529276867668 0
1723098657637 10602.784520821226 0
1723098657638 10550.849204231867 0
1723098657640 10500.809096326295 0
1723098657641 10451.078256586074 0
1723098657642 10411.28549707936 0
1723098657643 10371.119158019039 0
1723098657645 10332.232228035884 0
1723098657646 10294.992284368756 0
1723098657647 10254.874339872013 0
1723098657648 10222.823057387624 0
1723098657649 10190.428943215811 0
1723098657651 10160.397036157536 0
1723098657652 10122.945550336197 0
1723098657653 10087.875665080393 0
1723098657654 10056.981574990827 0
1723098657656 10027.458646217792 0
1723098657657 10005.56646292165 0
1723098657658 9984.641905158256 0
1723098657659 9962.542991068303 0
1723098657660 9933.140420137672 0
1723098657662 9910.166210353404 0
1723098657663 9885.28929631278 0
1723098657664 9864.822650298776 0
1723098657665 9849.493064766391 0
1723098657666 9827.959937526026 0
1723098657667 9809.953831868006 0
1723098657667 9790.817474908588 0
1723098657668 9775.605753678297 0
1723098657669 9757.276682260846 0
1723098657670 9743.812314757104 0
1723098657671 9728.129808064454 0
1723098657671 9714.763638749893 0
1723098657673 9698.138131360223 0
1723098657673 9683.403366394043 0
1723098657674 9669.184615483104 0
1723098657675 9656.99503158139 0
1723098657676 9643.018004309055 0
1723098657676 9614.54944724875 0
1723098657677 9598.164647666817 0
1723098657678 9574.120194602412 0
1723098657679 9562.724647155295 0
1723098657680 9545.206284427863 0
1723098657680 9521.385292939689 0
1723098657681 9515.731674195464 0
1723098657682 9493.536613537144 0
1723098657683 9477.41286580923 0
1723098657683 9468.510482456224 0
1723098657684 9454.35775194472 0
1723098657685 9430.038127184862 0
1723098657686 9421.576199882502 0
1723098657687 9405.820957926442 0
1723098657687 9381.820561086766 0
1723098657688 9367.177946879132 0
1723098657689 9356.229732814552 0
1723098657690 9345.008112528283 0
1723098657691 9326.572689950408 0
1723098657691 9317.808748826783 0
1723098657692 9309.360355299506 0
1723098657693 9300.22641306973 0
1723098657694 9295.644979030449 0
1723098657695 9288.015797248363 0
1723098657696 9285.811692365536 0
1723098657696 9277.338074099744 0
1723098657697 9270.23908348063 0
1723098657698 9269.066479558478 0
1723098657699 9261.104064094814 0
1723098657699 9251.234770108824 0
1723098657700 9248.861394063648 0
1723098657701 9237.27521735137 0
