1723098650411 17208.880980463317 0
1723098650412 16712.037316233367 0
1723098650413 16264.582356834153 0
1723098650413 15837.538265482051 0
1723098650415 15434.00345091033 0
1723098650415 15078.08151252597 0
1723098650416 14768.651081518092 0
1723098650417 14458.931610877062 0
1723098650418 14165.957280730367 0
1723098650418 13927.0648258536 0
1723098650419 13678.952554362446 0
1723098650420 13447.207813495455 0
1723098650421 13235.647029577663 0
1723098650422 13047.67665154745 0
1723098650422 12870.9245743217 0
1723098650423 12701.2361916131 0
1723098650424 12543.892054443459 0
1723098650425 12404.83236549843 0
1723098650425 12274.376582908004 0
1723098650426 12162.593077416179 0
1723098650427 12061.910478089936 0
1723098650428 11962.496563961784 0
1723098650429 11871.023677972737 0
1723098650429 11775.5549331321 0
1723098650430 11684.676045053871 0
1723098650431 11605.099067659456 0
1723098650432 11531.786689619767 0
1723098650432 11465.965502101484 0
1723098650433 11401.31339506851 0
1723098650434 11345.903416092382 0
1723098650435 11293.204098141947 0
1723098650436 11236.778346897298 0
1723098650436 11180.039623772967 0
1723098650437 11130.366730056247 0
1723098650438 11083.563386631366 0
1723098650439 11038.211429352132 0
1723098650440 10995.204882430065 0
1723098650440 10954.789746230688 0
1723098650441 10921.453183356545 0
1723098650442 10884.56934522706 0
1723098650443 10850.345574665233 0
1723098650443 10816.86166890424 0
1723098650444 10785.342137208121 0
1723098650445 10752.376862845422 0
1723098650446 10723.41275584465 0
1723098650447 10693.894946146926 0
1723098650447 10671.033094567432 0
1723098650448 10645.017196863804 0
1723098650449 10618.46051622493 0
1723098650450 10595.483207427134 0
1723098650450 10580.223203845688 0
1723098650451 10556.70646319268 0
1723098650452 10537.47862193599 0
1723098650453 10523.31699320118 0
1723098650454 10505.500840799616 0
1723098650455 10487.088219777277 0
1723098650456 10470.628300016317 0
1723098650457 10459.079518743745 0
1723098650458 10447.044997135252 0
1723098650459 10431.08041455619 0
1723098650460 10416.132594425651 0
1723098650461 10404.331510457094 0
1723098650462 10393.685988167257 0
1723098650463 10380.114615783072 0
1723098650464 10365.094429952862 0
1723098650465 10351.515265847549 0
1723098650466 10338.977658779519 0
1723098650466 10331.214159322064 0
1723098650467 10318.381037547877 0
1723098650468 10308.208432328747 0
1723098650469 10299.962591176898 0
1723098650469 10287.727846324826 0
1723098650470 10278.174279914625 0
1723098650471 10271.711756509785 0
1723098650472 10259.32518504943 0
1723098650473 10247.855589508572 0
1723098650473 10235.700451531977 0
1723098650474 10226.657298794595 0
1723098650475 10219.165516828503 0
1723098650476 10211.607637700732 0
1723098650477 10204.367457984838 0
1723098650477 10198.339836038 0
1723098650478 10189.631932798924 0
1723098650479 10181.66225982527 0
1723098650480 10171.921763427703 0
1723098650481 10164.631087047817 0
1723098650481 10157.746751661598 0
1723098650482 10140.880116048756 0
1723098650483 10137.880879665889 0
1723098650484 10130.750656003089 0
1723098650485 10126.106918972215 0
1723098650486 10116.722055227918 0
1723098650486 10103.91328760458 0
1723098650487 10100.191310883405 0
1723098650488 10094.071625016084 0
1723098650489 10089.374281725715 0
1723098650490 10081.128595495682 0
1723098650490 10076.82431813606 0
1723098650491 10072.953631667793 0
1723098650492 10062.152976611786 0
