1723098600989 17640.05095637931 0
1723098600990 17513.627121449314 0
1723098600992 17389.7171991547 0
1723098600993 17268.40123634592 0
1723098600994 17148.905320765636 0
1723098600995 17031.779866421 0
1723098600997 16917.31069111666 0
1723098600998 16804.93640038912 0
1723098600999 16694.902723942883 0
1723098601000 16586.8320431788 0
1723098601001 16479.376514055355 0
1723098601002 16375.446466846377 0
1723098601003 16273.658838914549 0
1723098601004 16172.21070273017 0
1723098601005 16074.198809603366 0
1723098601006 15978.009778064881 0
1723098601007 15882.247763168354 0
1723098601008 15789.758646378139 0
1723098601009 15697.41523576189 0
1723098601011 15606.970862136666 0
1723098601012 15519.733872545883 0
1723098601013 15433.90748173743 0
1723098601014 15348.5304042544 0
1723098601015 15266.020169538891 0
1723098601016 15181.935133254952 0
1723098601017 15100.86490109495 0
1723098601018 15019.91264934808 0
1723098601019 14941.61955677499 0
1723098601020 14865.444551940525 0
1723098601021 14790.79571939713 0
1723098601022 14714.817243936222 0
1723098601023 14639.915726501527 0
1723098601024 14568.106957213467 0
1723098601025 14496.611643078813 0
1723098601026 14425.867806830878 0
1723098601027 14358.04853168566 0
1723098601028 14288.797830421086 0
1723098601029 14220.908370035902 0
1723098601030 14154.975695769106 0
1723098601031 14089.1756049307 0
1723098601032 14026.249661521006 0
1723098601033 13962.741726313916 0
1723098601034 13901.536143217325 0
1723098601035 13841.206090339436 0
1723098601036 13781.316198773564 0
1723098601037 13722.745597319115 0
1723098601038 13665.591696708405 0
1723098601039 13609.230058751546 0
1723098601040 13553.43381865969 0
1723098601041 13499.81990387384 0
1723098601042 13446.167783180174 0
1723098601043 13394.547989420074 0
1723098601044 13343.550297387066 0
1723098601046 13292.500368789235 0
1723098601047 13242.536669740886 0
1723098601048 13194.77231747106 0
1723098601049 13146.308783840901 0
1723098601050 13099.849605337764 0
1723098601051 13054.189755865516 0
1723098601052 13008.147336185413 0
1723098601053 12963.175128468729 0
1723098601054 12920.283214820065 0
1723098601055 12877.623880140993 0
1723098601056 12835.480018455406 0
1723098601057 12792.926552920999 0
1723098601058 12750.7346022587 0
1723098601059 12711.760564272943 0
1723098601060 12673.012222276666 0
1723098601061 12633.050668637654 0
1723098601062 12594.00493942205 0
1723098601063 12556.594693316729 0
1723098601064 12519.922791029878 0
1723098601066 12482.296195749932 0
1723098601067 12447.098702359168 0
1723098601068 12411.046145441333 0
1723098601069 12376.91767813316 0
1723098601070 12343.245753675143 0
1723098601071 12307.470891638437 0
1723098601072 12271.531028210373 0
1723098601073 12236.402331087374 0
1723098601074 12201.43379001576 0
1723098601075 12167.666377726959 0
1723098601076 12134.559767311779 0
1723098601077 12101.48026920921 0
1723098601078 12069.654049083141 0
1723098601079 12037.830637399202 0
1723098601080 12006.421860631594 0
1723098601081 11975.768988715341 0
1723098601082 11945.762703451572 0
1723098601083 11916.408075068206 0
1723098601085 11887.607632490694 0
1723098601086 11858.672017229179 0
1723098601087 11831.064295309825 0
1723098601088 11803.66208918754 0
1723098601089 11776.944451311023 0
1723098601090 11749.759007757519 0
1723098601091 11722.924468057066 0
1723098601092 11696.690181496726 0
1723098601093 11670.346922830151 0
1723098601094 11644.508845863906 0
