1723098701173 16635.563278424124 0
1723098701173 15762.042857918943 0
1723098701174 15053.777627524678 0
1723098701175 14401.516397637193 0
1723098701177 13895.676628167317 0
1723098701177 13432.742533078179 0
1723098701178 13044.427508586323 0
1723098701179 12686.948515724705 0
1723098701180 12384.419724199584 0
1723098701181 12147.91339045332 0
1723098701181 11934.488141191854 0
1723098701182 11767.303493117524 0
1723098701183 11598.471231842585 0
1723098701184 11448.620335355352 0
1723098701185 11311.158084593982 0
1723098701186 11190.093125739024 0
1723098701186 11090.159892970356 0
1723098701187 11009.811903810552 0
1723098701188 10920.941702722903 0
1723098701189 10834.20010360663 0
1723098701190 10765.079912519612 0
1723098701190 10697.181223541897 0
1723098701191 10652.939287104931 0
1723098701192 10598.794815514802 0
1723098701193 10560.508343581938 0
1723098701194 10517.61921228465 0
1723098701194 10473.956203536907 0
1723098701195 10435.730709709076 0
1723098701196 10405.708790161012 0
1723098701197 10376.309262015717 0
1723098701198 10351.089484383025 0
1723098701198 10319.920205772192 0
1723098701199 10291.650700634362 0
1723098701200 10266.27970344896 0
1723098701201 10240.589799379224 0
1723098701202 10212.452110629152 0
1723098701202 10199.71824607212 0
1723098701203 10177.54486513807 0
1723098701204 10166.874122839512 0
1723098701205 10146.49204913684 0
1723098701206 10137.879928773005 0
1723098701206 10129.81430086699 0
1723098701207 10105.612710491612 0
1723098701208 10097.692378790814 0
1723098701209 10085.65810998548 0
1723098701210 10076.796153502924 0
1723098701211 10059.894144227597 0
1723098701211 10051.03892291461 0
1723098701212 10023.27038295707 0
1723098701213 10011.347493608117 0
1723098701214 9999.00039027617 0
1723098701215 9992.447606227272 0
1723098701215 9982.1366059549 0
1723098701216 9971.398767125927 0
1723098701217 9957.427657646089 0
1723098701218 9950.799247803307 0
1723098701219 9947.998079156516 0
1723098701219 9944.995413155902 0
1723098701220 9928.168180828208 0
1723098701221 9914.72223618354 0
1723098701222 9908.460398656576 0
1723098701223 9899.871733498578 0
1723098701223 9889.00361618101 0
1723098701224 9877.27090834265 0
1723098701225 9859.636206468806 0
1723098701226 9853.086560111193 0
1723098701227 9849.395131015308 0
1723098701228 9837.109408036717 0
1723098701228 9815.220638769671 0
1723098701229 9807.081999898359 0
1723098701230 9804.594197039578 0
1723098701231 9791.997057437087 0
1723098701232 9784.808882037798 0
1723098701232 9778.518644428726 0
1723098701233 9773.587872153588 0
1723098701234 9767.882015901765 0
1723098701235 9759.898558072598 0
1723098701236 9756.99528113528 0
1723098701236 9751.188314489951 0
1723098701237 9748.3029703415 0
1723098701238 9734.523755440474 0
1723098701239 9727.209936599711 0
1723098701240 9710.588238414988 0
1723098701240 9702.540388529449 0
1723098701241 9694.960908174548 0
1723098701242 9686.385952527235 0
1723098701243 9678.332974190285 0
1723098701244 9674.721144827196 0
1723098701245 9655.826612255556 0
1723098701246 9649.431119033985 0
1723098701247 9644.405446033034 0
1723098701247 9626.309112736935 0
1723098701248 9622.037629623735 0
1723098701249 9617.48041793404 0
1723098701250 9605.041549334403 0
1723098701251 9587.744164102447 0
1723098701252 9576.382228662062 0
1723098701252 9565.550970394983 0
1723098701253 9560.36386784026 0
1723098701254 9554.148438742392 0
