1723098672019 17082.99450608872 0
1723098672020 16461.93420357957 0
1723098672021 15893.01975091878 0
1723098672022 15357.799217638722 0
1723098672023 14887.08635882619 0
1723098672024 14442.504032412693 0
1723098672025 14056.979231580866 0
1723098672026 13700.342380446398 0
1723098672026 13372.151315770358 0
1723098672027 13081.001240473459 0
1723098672028 12802.316691085087 0
1723098672029 12554.73210692774 0
1723098672030 12322.434955485496 0
1723098672031 12111.240671043275 0
1723098672031 11914.034055055612 0
1723098672032 11731.030585565932 0
1723098672033 11565.681114138464 0
1723098672034 11403.58603916136 0
1723098672035 11246.56390419064 0
1723098672035 11101.926702743927 0
1723098672036 10971.237824848726 0
1723098672037 10850.065894211617 0
1723098672038 10724.291416903163 0
1723098672039 10619.721642445315 0
1723098672039 10530.899438327837 0
1723098672040 10432.395025177231 0
1723098672041 10346.365539098939 0
1723098672042 10267.627344460603 0
1723098672042 10187.3189805277 0
1723098672043 10105.004710463685 0
1723098672044 10030.353858896455 0
1723098672045 9969.053004795482 0
1723098672046 9900.55864502417 0
1723098672046 9839.936775918026 0
1723098672047 9786.512528521034 0
1723098672048 9723.286497736193 0
1723098672049 9676.103014828705 0
1723098672050 9625.29282919314 0
1723098672050 9583.2106082081 0
1723098672051 9539.412469530727 0
1723098672052 9498.19444633033 0
1723098672053 9457.414832917446 0
1723098672054 9420.95885344747 0
1723098672054 9385.244066858226 0
1723098672055 9349.652504292048 0
1723098672056 9317.495835090527 0
1723098672057 9283.782919436157 0
1723098672058 9245.999212341778 0
1723098672058 9208.079774538392 0
1723098672059 9181.303858375732 0
1723098672060 9147.591804103951 0
1723098672061 9114.327087373207 0
1723098672062 9083.63777911914 0
1723098672062 9058.649312175343 0
1723098672063 9037.251419141985 0
1723098672064 9008.870910335278 0
1723098672066 8983.191037477203 0
1723098672067 8956.469378562675 0
1723098672068 8930.914616963717 0
1723098672069 8904.42165944538 0
1723098672070 8864.187797614497 0
1723098672072 8845.87355772018 0
1723098672073 8825.21379873823 0
1723098672074 8795.302407563167 0
1723098672075 8772.902212557883 0
1723098672076 8752.406506864223 0
1723098672078 8729.08825466765 0
1723098672079 8691.675905526341 0
1723098672080 8673.065606518605 0
1723098672081 8647.289699968776 0
1723098672083 8621.927602380314 0
1723098672084 8600.512456231558 0
1723098672085 8578.230648784313 0
1723098672086 8558.134355801694 0
1723098672088 8545.587811318625 0
1723098672089 8525.668554091035 0
1723098672090 8500.89232518992 0
1723098672091 8489.756324568492 0
1723098672092 8469.65807698192 0
1723098672094 8459.780086105586 0
1723098672095 8431.158423515802 0
1723098672096 8401.964196639183 0
1723098672097 8388.19341248795 0
1723098672099 8359.028395060359 0
1723098672100 8336.061058615824 0
1723098672101 8307.701348591505 0
1723098672102 8283.974009582993 0
1723098672104 8274.18727656788 0
1723098672105 8254.596118375835 0
1723098672106 8249.165635912215 0
1723098672107 8232.095367795098 0
1723098672109 8230.138575206342 0
1723098672110 8214.620946707075 0
1723098672114 8207.062358536481 0
1723098672115 8194.126303535772 0
1723098672116 8189.732623334982 0
1723098672118 8181.669444782849 0
1723098672119 8174.0353574390365 0
1723098672120 8160.940078696984 0
1723098672121 8152.406333268662 0
