1723098733303 16444.688159682282 0
1723098733304 15360.916225594734 0
1723098733305 14466.268339048125 0
1723098733306 13729.997582255462 0
1723098733307 13105.069908479069 0
1723098733308 12583.869807110312 0
1723098733309 12127.256881640142 0
1723098733310 11736.566001209136 0
1723098733310 11410.839717559122 0
1723098733311 11113.868521152803 0
1723098733312 10881.451330174843 0
1723098733313 10663.009124108972 0
1723098733314 10494.282525412615 0
1723098733315 10331.835378448917 0
1723098733316 10198.978712629121 0
1723098733316 10063.788826343422 0
1723098733317 9927.467197294387 0
1723098733318 9806.344870563413 0
1723098733319 9689.420152349303 0
1723098733320 9596.624898418682 0
1723098733320 9514.685263740637 0
1723098733321 9424.544823122867 0
1723098733322 9326.617498016003 0
1723098733323 9254.990567036391 0
1723098733324 9178.251659855901 0
1723098733325 9124.476777188058 0
1723098733326 9075.743615078021 0
1723098733326 9026.190083039555 0
1723098733327 8991.10685732233 0
1723098733328 8942.803916514047 0
1723098733329 8899.606680312996 0
1723098733330 8849.962081946116 0
1723098733331 8797.517711158882 0
1723098733331 8768.81257159371 0
1723098733332 8712.454088836403 0
1723098733333 8689.414700343032 0
1723098733334 8659.8240978301 0
1723098733335 8603.825123190356 0
1723098733336 8563.528293096739 0
1723098733336 8529.586001945858 0
1723098733337 8482.872292160879 0
1723098733338 8434.997203733017 0
1723098733339 8396.956950420195 0
1723098733340 8369.048167045437 0
1723098733341 8348.548844765202 0
1723098733341 8293.20589428609 0
1723098733342 8262.704520547895 0
1723098733343 8217.666799224406 0
1723098733344 8214.8484639129 0
1723098733345 8192.729492618908 0
1723098733346 8180.238658697311 0
1723098733346 8164.962375942375 0
1723098733347 8148.627700316553 0
1723098733348 8131.282943893844 0
1723098733349 8112.681130109366 0
1723098733350 8105.63594503024 0
1723098733351 8070.109632373409 0
1723098733351 8062.8540013555385 0
1723098733352 8043.481886718245 0
1723098733353 8000.044100399903 0
1723098733354 7988.134094795974 0
1723098733355 7977.694656520632 0
1723098733356 7967.677588885441 0
1723098733356 7939.32092779588 0
1723098733357 7908.686139972266 0
1723098733358 7876.902514136971 0
1723098733359 7850.814040465239 0
1723098733360 7848.762974313482 0
1723098733361 7829.805153581336 0
1723098733361 7809.026476930043 0
1723098733362 7806.568313974198 0
1723098733363 7795.821967389483 0
1723098733364 7787.576165979896 0
1723098733365 7783.484892808376 0
1723098733366 7745.872607852147 0
1723098733366 7738.435388629783 0
1723098733367 7729.4372094944 0
1723098733368 7697.8381957632955 0
1723098733369 7662.379167935263 0
1723098733370 7649.985624095479 0
1723098733371 7615.885823720811 0
1723098733371 7602.6828855607155 0
1723098733372 7596.231660856234 0
1723098733373 7592.428250208421 0
1723098733374 7564.773475664856 0
1723098733375 7541.5602372291905 0
1723098733376 7534.271586446409 0
1723098733377 7519.412665662144 0
1723098733378 7497.323404500122 0
1723098733379 7486.495983810731 0
1723098733379 7479.088304667104 0
1723098733380 7472.192284812428 0
1723098733381 7441.882371807748 0
1723098733382 7413.343085120607 0
1723098733383 7391.951026156331 0
1723098733384 7372.441626155768 0
1723098733384 7365.462468350544 0
1723098733385 7346.936321153742 0
1723098733386 7337.428938372847 0
1723098733387 7300.365722765474 0
