1723098729643 16430.26593030884 0
1723098729644 15339.704047243542 0
1723098729645 14430.219055157682 0
1723098729646 13660.70430180134 0
1723098729647 13038.18642417167 0
1723098729648 12514.377111895747 0
1723098729649 12039.675279770703 0
1723098729650 11677.420020652313 0
1723098729651 11340.391389281402 0
1723098729652 11071.158898528032 0
1723098729652 10818.918788341538 0
1723098729653 10607.150763983163 0
1723098729654 10412.511375171356 0
1723098729655 10270.130441252135 0
1723098729656 10123.061327363788 0
1723098729657 9995.206379574745 0
1723098729657 9879.147053073255 0
1723098729658 9759.278062709627 0
1723098729659 9648.096331397472 0
1723098729660 9559.243435248378 0
1723098729661 9497.231862705426 0
1723098729662 9426.708933971026 0
1723098729662 9346.000068186082 0
1723098729663 9286.477069632825 0
1723098729664 9221.190627030834 0
1723098729665 9180.293251959209 0
1723098729666 9122.438451393125 0
1723098729666 9080.700594298598 0
1723098729667 9030.762884908027 0
1723098729668 8994.158319441334 0
1723098729669 8955.833418925067 0
1723098729670 8914.984555594154 0
1723098729671 8851.550567951788 0
1723098729672 8798.689320934369 0
1723098729673 8734.200104621266 0
1723098729674 8708.11668922185 0
1723098729676 8641.428687380809 0
1723098729677 8603.58418260454 0
1723098729678 8565.588932541335 0
1723098729680 8532.836789618885 0
1723098729681 8486.018601355943 0
1723098729682 8461.503980059442 0
1723098729683 8432.73709279068 0
1723098729685 8406.757715785652 0
1723098729686 8377.585789425457 0
1723098729687 8362.237851928576 0
1723098729689 8326.503942773694 0
1723098729690 8307.52886544006 0
1723098729691 8253.738924331019 0
1723098729692 8230.244022202693 0
1723098729693 8201.782560435116 0
1723098729694 8195.545058320135 0
1723098729695 8182.715697073216 0
1723098729696 8179.404047064531 0
1723098729697 8166.101829362197 0
1723098729697 8160.282308887964 0
1723098729698 8142.072077301602 0
1723098729699 8099.239571348498 0
1723098729700 8089.007373325997 0
1723098729701 8056.558140585181 0
1723098729701 8045.844736487163 0
1723098729702 8005.012645015211 0
1723098729703 7947.742223187495 0
1723098729704 7934.178467414926 0
1723098729705 7931.95795133359 0
1723098729706 7905.502061186536 0
1723098729706 7871.594451048819 0
1723098729707 7850.552008284316 0
1723098729708 7836.618449440094 0
1723098729709 7827.8143887005845 0
1723098729710 7816.620690617465 0
1723098729710 7809.143958598991 0
1723098729711 7800.30419650566 0
1723098729712 7758.695460009257 0
1723098729713 7746.081359041174 0
1723098729714 7729.870461204105 0
1723098729715 7695.674599517757 0
1723098729716 7660.842495876829 0
1723098729717 7658.253272431448 0
1723098729718 7619.259996498849 0
1723098729718 7616.368222732639 0
1723098729719 7611.37026961955 0
1723098729720 7605.494219602189 0
1723098729721 7603.015543925979 0
1723098729722 7600.206361825104 0
1723098729723 7570.867136288659 0
1723098729723 7532.010468090188 0
1723098729724 7510.3733940232905 0
1723098729725 7486.145950013457 0
1723098729726 7475.631639637227 0
1723098729727 7460.7444325328315 0
1723098729728 7443.982866919737 0
1723098729728 7427.3074609799305 0
1723098729729 7417.059985644151 0
1723098729730 7396.5132889553015 0
1723098729731 7353.340656614368 0
1723098729732 7321.188450673033 0
1723098729732 7308.064453082912 0
1723098729733 7304.176916365217 0
1723098729734 7291.328770158482 0
