1723098593936 17656.2182519049 0
1723098593938 17541.686074112113 0
1723098593939 17430.99379841059 0
1723098593940 17324.203777844315 0
1723098593941 17218.280318812805 0
1723098593943 17111.44688241497 0
1723098593944 17005.509935876635 0
1723098593945 16904.982269153763 0
1723098593947 16810.727751180788 0
1723098593948 16712.39702164421 0
1723098593949 16623.443267939623 0
1723098593950 16528.964272705387 0
1723098593951 16435.660002318262 0
1723098593952 16343.370958363319 0
1723098593953 16255.858046092344 0
1723098593953 16167.680796699517 0
1723098593954 16079.02385578617 0
1723098593955 15994.350714986773 0
1723098593956 15911.126956915848 0
1723098593957 15831.338244862072 0
1723098593957 15756.332091094817 0
1723098593958 15678.246402950068 0
1723098593959 15601.609246566304 0
1723098593960 15526.505566228661 0
1723098593960 15450.216075177446 0
1723098593961 15376.3457512946 0
1723098593962 15303.965996421408 0
1723098593963 15236.543077622138 0
1723098593963 15165.14677419173 0
1723098593964 15094.644999657607 0
1723098593965 15027.43830243139 0
1723098593966 14961.029861488314 0
1723098593967 14896.434214995785 0
1723098593968 14830.257587307711 0
1723098593969 14768.607862557797 0
1723098593970 14706.911179828141 0
1723098593970 14646.204077365706 0
1723098593971 14583.905120674228 0
1723098593972 14524.176570253128 0
1723098593973 14469.402536500786 0
1723098593973 14414.59366929175 0
1723098593974 14356.960166665103 0
1723098593975 14300.986863118198 0
1723098593976 14248.398012815038 0
1723098593976 14194.785915354303 0
1723098593977 14140.906056174112 0
1723098593978 14088.707511367284 0
1723098593979 14037.296163079027 0
1723098593980 13985.143181330546 0
1723098593980 13935.743936791217 0
1723098593981 13887.338716491151 0
1723098593982 13841.826427835016 0
1723098593983 13794.308418870298 0
1723098593983 13747.190095499345 0
1723098593984 13701.179361835992 0
1723098593985 13654.896471306798 0
1723098593986 13612.535881085503 0
1723098593986 13570.453010742654 0
1723098593987 13525.512642499234 0
1723098593988 13482.84285461961 0
1723098593989 13439.117483434948 0
1723098593989 13396.914770604906 0
1723098593990 13355.907449473954 0
1723098593991 13317.272583078682 0
1723098593992 13279.421216735507 0
1723098593992 13241.573385635018 0
1723098593993 13202.441969821997 0
1723098593994 13165.388873964032 0
1723098593995 13125.29076662348 0
1723098593995 13087.048103032988 0
1723098593996 13048.892041765603 0
1723098593997 13016.858054479553 0
1723098593998 12980.950127959444 0
1723098593999 12945.86514576366 0
1723098594000 12911.851817640974 0
1723098594000 12876.490587478342 0
1723098594001 12842.002980655941 0
1723098594002 12809.630675718703 0
1723098594003 12777.423159919163 0
1723098594003 12746.753716508272 0
1723098594004 12715.859320604892 0
1723098594005 12684.749436686685 0
1723098594006 12652.47945464993 0
1723098594007 12622.389019373957 0
1723098594008 12593.959257405415 0
1723098594008 12563.706458560724 0
1723098594009 12535.43972784145 0
1723098594010 12507.12893127475 0
1723098594011 12479.809123429122 0
1723098594011 12450.881935642803 0
1723098594012 12425.161487899466 0
1723098594013 12398.745173730833 0
1723098594014 12374.088768614847 0
1723098594014 12347.803376240956 0
1723098594015 12324.37831785723 0
1723098594016 12297.681659656899 0
1723098594017 12274.401281895745 0
1723098594018 12251.870047205657 0
1723098594018 12229.700570054509 0
1723098594019 12205.268738357578 0
