1723098577947 17668.101896022148 0
1723098577948 17569.798697490573 0
1723098577949 17472.98901714545 0
1723098577950 17378.53205756369 0
1723098577951 17291.39869646117 0
1723098577951 17200.424008485214 0
1723098577952 17110.6750477593 0
1723098577953 17022.712091351834 0
1723098577954 16945.501796627344 0
1723098577954 16861.135758646058 0
1723098577955 16778.24548391195 0
1723098577956 16693.94826303504 0
1723098577957 16616.57436070208 0
1723098577957 16533.23785432421 0
1723098577958 16458.93116795479 0
1723098577959 16383.568242072417 0
1723098577960 16301.26271707791 0
1723098577960 16225.269963248053 0
1723098577961 16147.752576711073 0
1723098577962 16078.548982017686 0
1723098577963 16010.992337441767 0
1723098577964 15940.50689686032 0
1723098577965 15869.172018264184 0
1723098577966 15803.087360622589 0
1723098577967 15730.518996666584 0
1723098577968 15664.403769617986 0
1723098577969 15594.457298382442 0
1723098577971 15530.806889597967 0
1723098577972 15466.393471651965 0
1723098577972 15400.498896296494 0
1723098577973 15341.708214794651 0
1723098577974 15278.033371925821 0
1723098577975 15217.884094126899 0
1723098577976 15155.07943385763 0
1723098577977 15098.45193389439 0
1723098577977 15039.08205438964 0
1723098577978 14982.237786855334 0
1723098577979 14928.542822384683 0
1723098577980 14870.610340812564 0
1723098577981 14815.380739539149 0
1723098577982 14760.352358946058 0
1723098577983 14712.871335709971 0
1723098577984 14659.065063873793 0
1723098577985 14606.329536847157 0
1723098577986 14555.526978302454 0
1723098577987 14505.945661292108 0
1723098577988 14458.874957280415 0
1723098577989 14411.786384399687 0
1723098577991 14365.634791076316 0
1723098577992 14317.806152308729 0
1723098577992 14273.327285314785 0
1723098577993 14228.57555982179 0
1723098577994 14186.48579084499 0
1723098577995 14143.708302243269 0
1723098577996 14102.428320789917 0
1723098577996 14064.276306571126 0
1723098577997 14021.544097065613 0
1723098577998 13981.507752562258 0
1723098577999 13942.257854638929 0
1723098577999 13907.591009434625 0
1723098578000 13867.431929001059 0
1723098578001 13830.93250804958 0
1723098578002 13794.898855768002 0
1723098578002 13763.284790330661 0
1723098578003 13728.454269473012 0
1723098578004 13691.974992760206 0
1723098578005 13658.983801370083 0
1723098578005 13622.805969705127 0
1723098578006 13590.87475986473 0
1723098578007 13555.808782195565 0
1723098578008 13526.824235882137 0
1723098578008 13492.821751692782 0
1723098578009 13461.611000136169 0
1723098578010 13431.67368696297 0
1723098578011 13399.284561367413 0
1723098578011 13370.580857716592 0
1723098578012 13339.227402896064 0
1723098578013 13310.870732772091 0
1723098578014 13281.035419051064 0
1723098578014 13251.10874648229 0
1723098578015 13221.483250265796 0
1723098578016 13194.831489545466 0
1723098578017 13166.261827159695 0
1723098578017 13140.292179028322 0
1723098578019 13112.140516144445 0
1723098578019 13084.408462062815 0
1723098578020 13057.495097659334 0
1723098578021 13030.604898267396 0
1723098578022 13007.543276783254 0
1723098578022 12981.465241925476 0
1723098578023 12959.857689321647 0
1723098578024 12934.618337056729 0
1723098578025 12910.015001150463 0
1723098578025 12887.862239103983 0
1723098578026 12863.497869645578 0
1723098578027 12841.31543872224 0
1723098578028 12818.087796674006 0
1723098578028 12794.683198837707 0
1723098578029 12771.712535255392 0
1723098578030 12752.091520674048 0
