1723098622216 17630.243301202445 0
1723098622217 17494.12694371578 0
1723098622218 17362.44769677708 0
1723098622218 17231.484563751445 0
1723098622220 17105.00781335439 0
1723098622220 16978.283055722117 0
1723098622221 16853.38965668038 0
1723098622222 16729.499236463525 0
1723098622223 16612.184824373904 0
1723098622224 16493.311293473547 0
1723098622224 16376.724033290167 0
1723098622225 16262.378577079447 0
1723098622226 16154.575852928801 0
1723098622227 16043.939265185949 0
1723098622227 15941.203757437663 0
1723098622228 15835.163787906678 0
1723098622229 15729.76713695831 0
1723098622230 15628.716662937315 0
1723098622230 15527.446839176664 0
1723098622231 15427.565507702808 0
1723098622232 15330.697996040875 0
1723098622233 15234.9163323521 0
1723098622234 15143.256877884058 0
1723098622234 15051.559886633557 0
1723098622235 14963.245948949503 0
1723098622236 14873.919671558117 0
1723098622237 14787.00842723192 0
1723098622237 14702.272685841952 0
1723098622238 14620.010407021857 0
1723098622239 14537.041445135252 0
1723098622240 14456.838534466879 0
1723098622241 14379.043073614937 0
1723098622241 14300.88620820627 0
1723098622242 14223.83509196522 0
1723098622243 14149.410988908057 0
1723098622244 14076.64665380755 0
1723098622244 14004.71656740632 0
1723098622245 13932.63798739498 0
1723098622246 13862.9782667453 0
1723098622247 13793.348826993146 0
1723098622248 13727.245624128105 0
1723098622248 13660.881462709025 0
1723098622249 13594.507246760693 0
1723098622250 13529.10112686817 0
1723098622251 13464.722431620281 0
1723098622251 13396.7383547974 0
1723098622252 13333.710483458459 0
1723098622253 13272.895240877777 0
1723098622254 13212.407562578184 0
1723098622254 13153.517090999429 0
1723098622255 13092.507228689858 0
1723098622256 13035.81259253764 0
1723098622257 12980.352701052268 0
1723098622258 12927.826864919061 0
1723098622258 12869.753263651537 0
1723098622259 12812.66802466709 0
1723098622260 12761.90153107791 0
1723098622261 12711.373547860047 0
1723098622261 12661.732863072726 0
1723098622262 12610.472428068915 0
1723098622263 12560.99570306531 0
1723098622264 12510.223654328382 0
1723098622264 12463.58221636317 0
1723098622265 12417.123218785184 0
1723098622266 12372.616290635056 0
1723098622267 12328.542872363343 0
1723098622268 12285.705833998492 0
1723098622268 12240.858193244469 0
1723098622269 12195.660935405624 0
1723098622270 12154.032674063612 0
1723098622271 12113.430532227841 0
1723098622271 12073.148731503636 0
1723098622272 12033.542842074547 0
1723098622273 11995.030068566643 0
1723098622274 11955.572763576547 0
1723098622275 11913.537834578578 0
1723098622275 11876.740501264381 0
1723098622276 11840.292529815444 0
1723098622277 11804.33277708642 0
1723098622278 11765.350353097685 0
1723098622278 11729.528705720553 0
1723098622279 11693.982962010354 0
1723098622280 11659.657191669803 0
1723098622281 11625.880998434406 0
1723098622281 11589.813271961353 0
1723098622282 11558.032746996898 0
1723098622283 11526.342504545506 0
1723098622284 11493.20299203561 0
1723098622285 11462.503137633814 0
1723098622285 11432.071621120911 0
1723098622286 11402.702149537932 0
1723098622287 11372.533914226919 0
1723098622288 11343.550616160137 0
1723098622289 11315.494497404536 0
1723098622290 11286.762486941687 0
1723098622291 11259.072280843917 0
1723098622291 11231.119514263066 0
1723098622292 11202.36644163265 0
1723098622293 11175.167313291848 0
1723098622294 11148.235905921481 0
